     1.000   187.500     0.000     0.000
     1.025   187.425     0.050     0.050
     1.051   187.347     0.102     0.065
     1.077   187.268     0.155     0.079
     1.104   187.187     0.209     0.090
     1.132   187.104     0.265     0.101
     1.160   187.018     0.322     0.111
     1.189   186.931     0.380     0.122
     1.219   186.842     0.440     0.132
     1.249   186.750     0.501     0.141
     1.280   186.656     0.564     0.153
     1.312   186.560     0.628     0.163
     1.344   186.461     0.694     0.173
     1.378   186.360     0.762     0.184
     1.412   186.257     0.831     0.195
     1.446   186.151     0.902     0.207
     1.482   186.043     0.975     0.217
     1.518   185.932     1.050     0.231
     1.556   185.818     1.126     0.247
     1.594   185.702     1.204     0.262
     1.633   185.583     1.284     0.278
     1.672   185.461     1.367     0.292
     1.713   185.336     1.451     0.311
     1.755   185.208     1.537     0.326
     1.797   185.078     1.625     0.343
     1.841   184.944     1.716     0.360
     1.885   184.807     1.808     0.376
     1.930   184.667     1.903     0.391
     1.977   184.523     2.000     0.407
     2.024   184.377     2.100     0.427
     2.072   184.226     2.201     0.445
     2.122   184.073     2.306     0.494
     2.172   183.916     2.412     0.513
     2.223   183.755     2.522     0.532
     2.276   183.591     2.633     0.551
     2.330   183.422     2.748     0.570
     2.384   183.251     2.865     0.589
     2.440   183.075     2.985     0.606
     2.497   182.895     3.108     0.623
     2.555   182.711     3.233     0.642
     2.615   182.524     3.362     0.661
     2.675   182.332     3.493     0.672
     2.737   182.135     3.628     0.682
     2.800   181.935     3.766     0.693
     2.864   181.730     3.906     0.704
     2.929   181.521     4.050     0.714
     2.995   181.307     4.198     0.724
     3.063   181.088     4.348     0.736
     3.132   180.865     4.502     0.745
     3.203   180.638     4.660     0.757
     3.274   180.405     4.821     0.767
     3.347   180.167     4.986     0.778
     3.421   179.925     5.154     0.790
     3.497   179.677     5.326     0.800
     3.574   179.425     5.502     0.810
     3.652   179.167     5.681     0.822
     3.731   178.904     5.865     0.832
     3.812   178.635     6.053     0.842
     3.894   178.362     6.244     0.852
     3.978   178.082     6.440     0.865
     4.062   177.798     6.640     0.875
     4.149   177.507     6.844     0.887
     4.236   177.211     7.053     0.897
     4.325   176.910     7.266     0.909
     4.415   176.602     7.483     0.919
     4.506   176.289     7.705     0.929
     4.599   175.969     7.931     0.939
     4.693   175.644     8.163     0.950
     4.789   175.313     8.398     0.959
     4.885   174.975     8.639     0.970
     4.983   174.632     8.885     0.981
     5.083   174.282     9.135     0.990
     5.183   173.926     9.391     1.001
     5.285   173.564     9.651     1.012
     5.388   173.195     9.917     1.022
     5.492   172.821    10.187     1.033
     5.597   172.439    10.463     1.043
     5.704   172.052    10.744     1.053
     5.812   171.657    11.031     1.063
     5.920   171.257    11.323     1.073
     6.030   170.849    11.620     1.082
     6.141   170.436    11.923     1.093
     6.253   170.015    12.232     1.104
     6.366   169.588    12.546     1.113
     6.480   169.155    12.866     1.124
     6.594   168.715    13.191     1.133
     6.710   168.268    13.522     1.144
     6.826   167.815    13.859     1.154
     6.943   167.355    14.202     1.164
     7.061   166.888    14.551     1.174
     7.179   166.415    14.905     1.185
     7.298   165.936    15.266     1.195
     7.418   165.450    15.632     1.205
     7.538   164.957    16.005     1.216
     7.659   164.458    16.383     1.227
     7.780   163.953    16.768     1.237
     7.901   163.441    17.158     1.247
     8.023   162.923    17.555     1.257
     8.144   162.398    17.957     1.268
     8.266   161.868    18.366     1.278
     8.388   161.331    18.781     1.309
     8.510   160.788    19.202     1.321
     8.632   160.239    19.629     1.331
     8.753   159.684    20.062     1.341
     8.875   159.124    20.501     1.352
     8.996   158.557    20.947     1.363
     9.117   157.985    21.398     1.373
     9.237   157.408    21.855     1.385
     9.356   156.825    22.319     1.395
     9.475   156.237    22.788     1.405
     9.593   155.643    23.263     1.415
     9.711   155.045    23.745     1.426
     9.827   154.441    24.232     1.436
     9.943   153.833    24.724     1.447
    10.057   153.220    25.223     1.457
    10.170   152.602    25.727     1.468
    10.282   151.981    26.237     1.478
    10.393   151.354    26.753     1.489
    10.502   150.724    27.274     1.500
    10.610   150.090    27.800     1.511
    10.716   149.452    28.332     1.521
    10.820   148.811    28.869     1.531
    10.923   148.166    29.412     1.542
    11.023   147.518    29.959     1.552
    11.122   146.866    30.511     1.562
    11.219   146.212    31.069     1.573
    11.314   145.556    31.631     1.583
    11.406   144.896    32.198     1.595
    11.496   144.235    32.769     1.606
    11.584   143.571    33.345     1.616
    11.669   142.905    33.925     1.626
    11.752   142.238    34.510     1.637
    11.833   141.569    35.099     1.647
    11.911   140.898    35.691     1.658
    11.986   140.227    36.288     1.669
    12.058   139.554    36.888     1.680
    12.127   138.881    37.492     1.690
    12.194   138.207    38.099     1.701
    12.258   137.533    38.710     1.711
    12.318   136.859    39.323     1.722
    12.376   136.184    39.940     1.732
    12.431   135.510    40.559     1.743
    12.482   134.837    41.182     1.753
    12.530   134.164    41.806     1.764
    12.575   133.491    42.433     1.774
    12.617   132.820    43.063     1.785
    12.656   132.150    43.694     1.796
    12.691   131.482    44.327     1.807
    12.723   130.814    44.962     1.817
    12.752   130.149    45.599     1.827
    12.777   129.486    46.237     1.838
    12.800   128.825    46.876     1.849
    12.818   128.166    47.516     1.859
    12.834   127.509    48.157     1.870
    12.846   126.855    48.799     1.880
    12.854   126.204    49.441     1.891
    12.860   125.556    50.084     1.901
    12.862   124.911    50.727     1.912
    12.860   124.269    51.370     1.922
    12.856   123.631    52.013     1.933
    12.848   122.996    52.656     1.944
    12.837   122.365    53.298     1.954
    12.822   121.738    53.940     1.965
    12.805   121.114    54.581     1.976
    12.784   120.495    55.221     1.986
    12.760   119.880    55.860     1.997
    12.733   119.269    56.497     2.007
    12.704   118.663    57.134     2.017
    12.671   118.061    57.768     2.028
    12.635   117.464    58.402     2.039
    12.596   116.871    59.033     2.049
    12.554   116.284    59.662     2.060
    12.510   115.701    60.289     2.070
    12.462   115.123    60.914     2.081
    12.413   114.551    61.537     2.091
    12.360   113.983    62.157     2.102
    12.305   113.421    62.774     2.112
    12.247   112.864    63.388     2.123
    12.187   112.313    64.000     2.133
    12.125   111.767    64.609     2.144
    12.060   111.226    65.214     2.155
    11.993   110.691    65.816     2.166
    11.924   110.161    66.415     2.176
    11.852   109.637    67.010     2.187
    11.779   109.119    67.602     2.197
    11.704   108.606    68.190     2.208
    11.627   108.099    68.774     2.218
    11.548   107.598    69.354     2.229
    11.467   107.103    69.931     2.239
    11.384   106.613    70.503     2.250
    11.300   106.129    71.071     2.260
    11.214   105.651    71.635     2.271
    11.127   105.178    72.195     2.281
    11.039   104.711    72.750     2.292
    10.949   104.251    73.301     2.302
    10.858   103.796    73.847     2.313
    10.765   103.346    74.389     2.323
    10.672   102.903    74.926     2.334
    10.577   102.465    75.458     2.345
    10.481   102.033    75.986     2.356
    10.385   101.607    76.509     2.377
    10.288   101.186    77.027     2.388
    10.189   100.771    77.540     2.399
    10.090   100.362    78.048     2.411
     9.991    99.958    78.551     2.421
     9.891    99.560    79.049     2.433
     9.790    99.168    79.543     2.443
     9.689    98.781    80.031     2.453
     9.587    98.399    80.514     2.464
     9.485    98.023    80.992     2.474
     9.382    97.653    81.465     2.485
     9.280    97.288    81.933     2.496
     9.177    96.928    82.395     2.506
     9.074    96.573    82.853     2.516
     8.970    96.224    83.305     2.527
     8.867    95.880    83.753     2.537
     8.764    95.542    84.195     2.547
     8.661    95.208    84.631     2.558
     8.557    94.879    85.063     2.573
     8.454    94.556    85.490     2.583
     8.351    94.237    85.911     2.593
     8.249    93.924    86.327     2.603
     8.146    93.615    86.739     2.614
     8.044    93.311    87.145     2.624
     7.942    93.012    87.545     2.636
     7.841    92.718    87.941     2.646
     7.740    92.429    88.332     2.658
     7.639    92.144    88.718     2.668
     7.539    91.863    89.098     2.679
     7.439    91.587    89.474     2.689
     7.339    91.316    89.845     2.700
     7.241    91.049    90.210     2.710
     7.143    90.786    90.571     2.723
     7.045    90.528    90.927     2.733
     6.948    90.274    91.278     2.744
     6.852    90.024    91.624     2.754
     6.756    89.779    91.966     2.764
     6.661    89.537    92.302     2.774
     6.567    89.299    92.634     2.786
     6.473    89.066    92.961     2.796
     6.380    88.836    93.284     2.808
     6.288    88.611    93.601     2.818
     6.197    88.389    93.915     2.829
     6.106    88.171    94.223     2.839
     6.016    87.956    94.527     2.850
     5.928    87.745    94.827     2.860
     5.839    87.538    95.122     2.871
     5.752    87.335    95.413     2.881
     5.666    87.135    95.700     2.892
     5.580    86.938    95.982     2.903
     5.495    86.745    96.260     2.914
     5.411    86.555    96.534     2.924
     5.328    86.368    96.803     2.934
     5.246    86.185    97.068     2.945
     5.165    86.005    97.330     2.955
     5.085    85.828    97.587     2.966
     5.005    85.655    97.840     2.976
     4.927    85.484    98.089     2.986
     4.849    85.316    98.335     2.997
     4.772    85.151    98.576     3.007
     4.697    84.990    98.814     3.018
     4.622    84.831    99.048     3.027
     4.548    84.675    99.278     3.038
     4.474    84.521    99.504     3.048
     4.402    84.371    99.727     3.059
     4.331    84.223    99.946     3.069
     4.261    84.077   100.162     3.080
     4.191    83.935   100.374     3.090
     4.122    83.795   100.583     3.102
     4.055    83.657   100.788     3.112
     3.988    83.522   100.990     3.123
     3.922    83.390   101.188     3.133
     3.857    83.259   101.384     3.144
     3.793    83.132   101.576     3.154
     3.729    83.006   101.765     3.165
     3.667    82.883   101.950     3.175
     3.605    82.762   102.133     3.186
     3.545    82.643   102.312     3.196
     3.485    82.526   102.489     3.207
     3.426    82.412   102.662     3.217
     3.368    82.299   102.833     3.228
     3.310    82.189   103.000     3.238
     3.254    82.081   103.165     3.249
     3.198    81.974   103.327     3.260
     3.143    81.870   103.486     3.271
     3.089    81.768   103.643     3.281
     3.036    81.667   103.797     3.292
     2.984    81.568   103.948     3.301
     2.932    81.471   104.096     3.312
     2.881    81.376   104.242     3.323
     2.831    81.283   104.386     3.333
     2.782    81.191   104.527     3.344
     2.733    81.101   104.665     3.354
     2.686    81.013   104.801     3.365
     2.638    80.927   104.935     3.376
     2.592    80.842   105.066     3.385
     2.547    80.758   105.195     3.396
     2.502    80.676   105.322     3.407
     2.457    80.596   105.447     3.418
     2.414    80.517   105.569     3.430
     2.371    80.440   105.689     3.448
     2.329    80.364   105.807     3.460
     2.288    80.289   105.923     3.471
     2.247    80.216   106.037     3.482
     2.207    80.144   106.149     3.492
     2.167    80.074   106.259     3.502
     2.129    80.005   106.366     3.513
     2.091    79.937   106.472     3.523
     2.053    79.871   106.576     3.534
     2.016    79.805   106.679     3.544
     1.980    79.741   106.779     3.555
     1.944    79.678   106.877     3.565
     1.909    79.617   106.974     3.576
     1.875    79.556   107.069     3.586
     1.841    79.497   107.163     3.596
     1.807    79.439   107.254     3.607
     1.774    79.381   107.344     3.618
     1.742    79.325   107.432     3.628
     1.711    79.270   107.519     3.639
     1.679    79.216   107.604     3.649
     1.649    79.163   107.688     3.660
     1.619    79.111   107.770     3.670
     1.589    79.061   107.850     3.681
     1.560    79.010   107.930     3.691
     1.531    78.961   108.007     3.703
     1.503    78.913   108.083     3.713
     1.476    78.866   108.158     3.724
     1.449    78.820   108.232     3.734
     1.422    78.774   108.304     3.744
     1.396    78.730   108.374     3.754
     1.370    78.686   108.444     3.765
     1.345    78.643   108.512     3.776
     1.320    78.601   108.579     3.787
     1.296    78.560   108.645     3.798
     1.272    78.519   108.709     3.809
     1.248    78.479   108.772     3.819
     1.225    78.440   108.835     3.829
     1.202    78.402   108.896     3.839
     1.180    78.365   108.955     3.851
     1.158    78.328   109.014     3.861
     1.137    78.292   109.072     3.872
     1.115    78.256   109.128     3.882
     1.095    78.222   109.184     3.893
     1.074    78.187   109.238     3.903
     1.054    78.154   109.292     3.914
     1.035    78.121   109.344     3.924
     1.015    78.089   109.396     3.935
     0.996    78.058   109.446     3.945
     0.978    78.027   109.496     3.956
     0.959    77.996   109.544     3.966
     0.941    77.966   109.592     3.977
     0.924    77.937   109.639     3.987
     0.907    77.909   109.685     3.998
     0.890    77.880   109.730     4.008
     0.873    77.853   109.774     4.019
     0.856    77.826   109.818     4.029
     0.840    77.799   109.860     4.040
     0.825    77.773   109.902     4.050
     0.809    77.748   109.943     4.061
     0.794    77.723   109.984     4.071
     0.779    77.698   110.023     4.082
     0.764    77.674   110.062     4.092
     0.750    77.650   110.100     4.103
     0.736    77.627   110.137     4.113
     0.722    77.605   110.174     4.124
     0.708    77.582   110.210     4.134
     0.695    77.560   110.245     4.145
     0.682    77.539   110.279     4.155
     0.669    77.518   110.313     4.166
     0.656    77.497   110.347     4.176
     0.644    77.477   110.379     4.187
     0.632    77.457   110.411     4.197
     0.620    77.438   110.443     4.208
     0.608    77.419   110.474     4.218
     0.596    77.400   110.504     4.229
     0.585    77.381   110.534     4.239
     0.574    77.363   110.563     4.250
     0.563    77.346   110.591     4.260
     0.552    77.328   110.619     4.271
     0.542    77.311   110.647     4.281
     0.532    77.295   110.674     4.292
     0.522    77.278   110.700     4.302
     0.512    77.262   110.726     4.313
     0.502    77.247   110.752     4.323
     0.492    77.231   110.777     4.334
     0.483    77.216   110.801     4.345
     0.474    77.201   110.825     4.355
     0.465    77.187   110.849     4.366
     0.456    77.172   110.872     4.376
     0.447    77.158   110.894     4.386
     0.439    77.145   110.917     4.397
     0.430    77.131   110.939     4.407
     0.422    77.118   110.960     4.419
     0.414    77.105   110.981     4.429
     0.406    77.092   111.002     4.440
     0.399    77.080   111.022     4.450
     0.391    77.068   111.042     4.461
     0.383    77.056   111.061     4.472
     0.376    77.044   111.080     4.482
     0.369    77.032   111.099     4.492
     0.362    77.021   111.117     4.511
     0.355    77.010   111.135     4.523
     0.348    76.999   111.153     4.534
     0.342    76.988   111.170     4.543
     0.335    76.978   111.187     4.554
     0.329    76.968   111.204     4.564
     0.322    76.957   111.220     4.575
     0.316    76.948   111.236     4.585
     0.310    76.938   111.252     4.595
     0.304    76.928   111.267     4.606
     0.298    76.919   111.283     4.618
     0.293    76.910   111.297     4.630
     0.287    76.901   111.312     4.640
     0.282    76.892   111.326     4.651
     0.276    76.884   111.340     4.663
     0.271    76.875   111.354     4.673
     0.266    76.867   111.367     4.684
     0.261    76.859   111.381     4.694
     0.256    76.851   111.394     4.705
     0.251    76.843   111.406     4.716
     0.246    76.835   111.419     4.729
     0.241    76.828   111.431     4.741
     0.237    76.820   111.443     4.753
     0.232    76.813   111.455     4.766
     0.228    76.806   111.466     4.781
     0.223    76.799   111.478     4.796
     0.219    76.792   111.489     4.813
     0.215    76.786   111.500     4.831
     0.211    76.779   111.510     4.853
     0.207    76.773   111.521     4.869
     0.203    76.766   111.531     4.886
     0.199    76.760   111.541     4.902
     0.195    76.754   111.551     4.918
     0.191    76.748   111.561     4.935
     0.187    76.742   111.570     4.953
     0.184    76.736   111.580     4.968
     0.180    76.731   111.589     4.984
     0.177    76.725   111.598     5.000
     0.173    76.720   111.607     5.015
     0.170    76.715   111.615     5.032
     0.167    76.709   111.624     5.048
     0.164    76.704   111.632     5.064
     0.161    76.699   111.640     5.078
     0.157    76.694   111.648     5.088
     0.154    76.690   111.656     5.099
     0.151    76.685   111.664     5.110
     0.149    76.680   111.671     5.121
     0.146    76.676   111.679     5.131
     0.143    76.671   111.686     5.143
     0.140    76.667   111.693     5.153
     0.137    76.663   111.700     5.164
     0.135    76.659   111.707     5.176
     0.132    76.654   111.713     5.187
     0.130    76.650   111.720     5.198
     0.127    76.646   111.726     5.208
     0.125    76.643   111.733     5.219
     0.122    76.639   111.739     5.230
     0.120    76.635   111.745     5.240
     0.118    76.631   111.751     5.251
     0.115    76.628   111.757     5.262
     0.113    76.624   111.763     5.273
     0.111    76.621   111.768     5.283
     0.109    76.617   111.774     5.294
     0.107    76.614   111.779     5.305
     0.105    76.611   111.784     5.315
     0.103    76.608   111.790     5.325
     0.101    76.604   111.795     5.335
     0.099    76.601   111.800     5.346
     0.097    76.598   111.805     5.357
     0.095    76.595   111.810     5.368
     0.093    76.593   111.814     5.381
     0.091    76.590   111.819     5.392
     0.090    76.587   111.823     5.403
     0.088    76.584   111.828     5.414
     0.086    76.581   111.832     5.425
     0.085    76.579   111.837     5.436
     0.083    76.576   111.841     5.445
     0.081    76.574   111.845     5.457
     0.080    76.571   111.849     5.467
     0.078    76.569   111.853     5.478
     0.077    76.566   111.857     5.488
     0.075    76.564   111.861     5.498
     0.074    76.562   111.864     5.511
     0.072    76.560   111.868     5.523
     0.071    76.557   111.872     5.533
     0.070    76.555   111.875     5.543
     0.068    76.553   111.879     5.553
     0.067    76.551   111.882     5.564
     0.066    76.549   111.885     5.574
     0.064    76.547   111.889     5.585
     0.063    76.545   111.892     5.595
     0.062    76.543   111.895     5.606
     0.061    76.541   111.898     5.616
     0.060    76.539   111.901     5.628
     0.058    76.538   111.904     5.638
     0.057    76.536   111.907     5.648
     0.056    76.534   111.910     5.659
     0.055    76.532   111.913     5.669
     0.054    76.531   111.915     5.680
     0.053    76.529   111.918     5.692
     0.052    76.527   111.921     5.716
