     1.000    62.500     0.000     0.000
     0.975    62.475     0.050     0.063
     0.951    62.451     0.098     0.080
     0.927    62.427     0.145     0.091
     0.904    62.404     0.191     0.103
     0.882    62.382     0.236     0.115
     0.860    62.360     0.280     0.127
     0.838    62.339     0.323     0.139
     0.817    62.318     0.365     0.152
     0.797    62.298     0.405     0.164
     0.777    62.278     0.445     0.176
     0.758    62.259     0.483     0.188
     0.739    62.240     0.521     0.200
     0.721    62.222     0.558     0.212
     0.703    62.204     0.594     0.224
     0.685    62.187     0.628     0.234
     0.668    62.170     0.662     0.245
     0.651    62.153     0.696     0.256
     0.635    62.137     0.728     0.268
     0.619    62.121     0.760     0.278
     0.604    62.106     0.790     0.287
     0.589    62.091     0.820     0.296
     0.574    62.077     0.850     0.306
     0.559    62.062     0.878     0.317
     0.545    62.049     0.906     0.326
     0.532    62.035     0.933     0.337
     0.519    62.022     0.959     0.348
     0.506    62.009     0.985     0.358
     0.493    61.997     1.010     0.367
     0.481    61.985     1.035     0.377
     0.469    61.973     1.059     0.387
     0.457    61.961     1.082     0.397
     0.445    61.950     1.105     0.406
     0.434    61.939     1.127     0.415
     0.423    61.928     1.148     0.425
     0.413    61.918     1.169     0.434
     0.402    61.908     1.190     0.444
     0.392    61.898     1.210     0.454
     0.382    61.888     1.229     0.464
     0.373    61.879     1.248     0.474
     0.363    61.870     1.267     0.483
     0.354    61.861     1.285     0.493
     0.345    61.852     1.302     0.503
     0.337    61.844     1.320     0.513
     0.328    61.835     1.336     0.523
     0.320    61.827     1.353     0.533
     0.312    61.819     1.369     0.543
     0.304    61.812     1.384     0.553
     0.297    61.804     1.399     0.563
     0.289    61.797     1.414     0.573
     0.282    61.790     1.428     0.604
     0.275    61.783     1.442     0.619
     0.268    61.776     1.456     0.629
     0.261    61.770     1.469     0.639
     0.255    61.763     1.482     0.649
     0.248    61.757     1.495     0.660
     0.242    61.751     1.507     0.670
     0.236    61.745     1.519     0.681
     0.230    61.739     1.531     0.691
     0.224    61.734     1.542     0.702
     0.219    61.728     1.553     0.713
     0.213    61.723     1.564     0.723
     0.208    61.717     1.575     0.733
     0.202    61.712     1.585     0.744
     0.197    61.707     1.595     0.754
     0.192    61.703     1.605     0.764
     0.188    61.698     1.615     0.774
     0.183    61.693     1.624     0.785
     0.178    61.689     1.633     0.795
     0.174    61.684     1.642     0.805
     0.169    61.680     1.651     0.816
     0.165    61.676     1.659     0.826
     0.161    61.672     1.667     0.836
     0.157    61.668     1.675     0.845
     0.153    61.664     1.683     0.856
     0.149    61.660     1.691     0.866
     0.145    61.657     1.698     0.877
     0.142    61.653     1.705     0.887
     0.138    61.650     1.712     0.898
     0.135    61.646     1.719     0.909
     0.131    61.643     1.726     0.919
     0.128    61.640     1.732     0.930
     0.125    61.637     1.739     0.940
     0.122    61.634     1.745     0.951
     0.119    61.631     1.751     0.962
     0.116    61.628     1.757     0.973
     0.113    61.625     1.762     0.984
     0.110    61.622     1.768     0.994
     0.107    61.620     1.774     1.005
     0.104    61.617     1.779     1.015
     0.102    61.614     1.784     1.025
     0.099    61.612     1.789     1.036
     0.097    61.609     1.794     1.047
     0.094    61.607     1.799     1.057
     0.092    61.605     1.803     1.068
     0.090    61.603     1.808     1.078
     0.087    61.600     1.812     1.089
     0.085    61.598     1.817     1.099
     0.083    61.596     1.821     1.110
     0.081    61.594     1.825     1.120
     0.079    61.592     1.829     1.143
     0.077    61.590     1.833     1.155
     0.075    61.588     1.837     1.165
     0.073    61.586     1.841     1.176
     0.071    61.585     1.844     1.187
     0.069    61.583     1.848     1.199
     0.068    61.581     1.851     1.210
     0.066    61.580     1.855     1.220
     0.064    61.578     1.858     1.232
     0.063    61.576     1.861     1.242
     0.061    61.575     1.864     1.253
     0.060    61.573     1.867     1.263
     0.058    61.572     1.870     1.276
     0.057    61.570     1.873     1.289
     0.055    61.569     1.876     1.301
     0.054    61.568     1.879     1.313
     0.052    61.566     1.881     1.325
     0.051    61.565     1.884     1.336
     0.050    61.564     1.886     1.347
     0.049    61.563     1.889     1.359
     0.047    61.562     1.891     1.369
     0.046    61.560     1.894     1.380
     0.045    61.559     1.896     1.393
     0.044    61.558     1.898     1.403
     0.043    61.557     1.900     1.414
     0.042    61.556     1.902     1.424
     0.041    61.555     1.905     1.435
     0.040    61.554     1.907     1.446
     0.039    61.553     1.908     1.456
     0.038    61.552     1.910     1.466
     0.037    61.551     1.912     1.476
     0.036    61.550     1.914     1.487
     0.035    61.549     1.916     1.497
     0.034    61.549     1.918     1.508
     0.033    61.548     1.919     1.518
     0.032    61.547     1.921     1.529
     0.031    61.546     1.923     1.539
     0.031    61.545     1.924     1.550
     0.030    61.545     1.926     1.560
     0.029    61.544     1.927     1.571
     0.028    61.543     1.929     1.582
     0.028    61.542     1.930     1.592
     0.027    61.542     1.931     1.603
     0.026    61.541     1.933     1.614
     0.026    61.541     1.934     1.624
     0.025    61.540     1.935     1.635
     0.024    61.539     1.936     1.645
     0.024    61.539     1.938     1.656
     0.023    61.538     1.939     1.666
     0.023    61.538     1.940     1.677
     0.022    61.537     1.941     1.687
     0.021    61.536     1.942     1.698
     0.021    61.536     1.943     1.708
     0.020    61.535     1.944     1.719
     0.020    61.535     1.945     1.729
     0.019    61.534     1.946     1.740
     0.019    61.534     1.947     1.750
     0.018    61.534     1.948     1.761
     0.018    61.533     1.949     1.771
     0.017    61.533     1.950     1.782
     0.017    61.532     1.951     1.792
     0.017    61.532     1.952     1.802
     0.016    61.531     1.953     1.813
     0.016    61.531     1.953     1.823
     0.015    61.531     1.954     1.834
     0.015    61.530     1.955     1.845
     0.015    61.530     1.956     1.856
     0.014    61.529     1.956     1.866
     0.014    61.529     1.957     1.877
     0.014    61.529     1.958     1.887
     0.013    61.528     1.958     1.898
     0.013    61.528     1.959     1.908
     0.013    61.528     1.960     1.919
     0.012    61.528     1.960     1.930
     0.012    61.527     1.961     1.940
     0.012    61.527     1.962     1.951
     0.011    61.527     1.962     1.961
     0.011    61.526     1.963     1.971
     0.011    61.526     1.963     1.982
     0.010    61.526     1.964     1.993
     0.010    61.526     1.964     2.003
     0.010    61.525     1.965     2.013
     0.010    61.525     1.965     2.024
     0.009    61.525     1.966     2.034
     0.009    61.525     1.966     2.045
     0.009    61.524     1.967     2.055
     0.009    61.524     1.967     2.066
     0.009    61.524     1.968     2.076
     0.008    61.524     1.968     2.087
     0.008    61.524     1.968     2.097
     0.008    61.523     1.969     2.108
     0.008    61.523     1.969     2.118
     0.008    61.523     1.970     2.129
     0.007    61.523     1.970     2.139
     0.007    61.523     1.970     2.150
     0.007    61.522     1.971     2.160
     0.007    61.522     1.971     2.171
     0.007    61.522     1.971     2.181
     0.006    61.522     1.972     2.191
     0.006    61.522     1.972     2.202
     0.006    61.522     1.972     2.222
     0.006    61.521     1.973     2.234
     0.006    61.521     1.973     2.244
     0.006    61.521     1.973     2.255
     0.006    61.521     1.974     2.266
     0.005    61.521     1.974     2.276
     0.005    61.521     1.974     2.287
     0.005    61.521     1.974     2.297
     0.005    61.521     1.975     2.308
     0.005    61.520     1.975     2.318
     0.005    61.520     1.975     2.329
     0.005    61.520     1.975     2.340
     0.005    61.520     1.976     2.350
     0.004    61.520     1.976     2.361
     0.004    61.520     1.976     2.371
     0.004    61.520     1.976     2.382
     0.004    61.520     1.976     2.392
     0.004    61.520     1.977     2.402
     0.004    61.519     1.977     2.413
     0.004    61.519     1.977     2.423
     0.004    61.519     1.977     2.434
     0.004    61.519     1.977     2.444
     0.003    61.519     1.978     2.455
     0.003    61.519     1.978     2.468
     0.003    61.519     1.978     2.480
     0.003    61.519     1.978     2.490
     0.003    61.519     1.978     2.501
     0.003    61.519     1.978     2.512
     0.003    61.519     1.979     2.522
     0.003    61.519     1.979     2.535
     0.003    61.518     1.979     2.547
     0.003    61.518     1.979     2.558
     0.003    61.518     1.979     2.568
     0.003    61.518     1.979     2.580
     0.003    61.518     1.979     2.593
     0.003    61.518     1.979     2.605
     0.002    61.518     1.980     2.616
     0.002    61.518     1.980     2.627
     0.002    61.518     1.980     2.639
     0.002    61.518     1.980     2.649
     0.002    61.518     1.980     2.660
     0.002    61.518     1.980     2.672
     0.002    61.518     1.980     2.683
     0.002    61.518     1.980     2.703
     0.002    61.518     1.981     2.716
     0.002    61.518     1.981     2.726
     0.002    61.518     1.981     2.737
     0.002    61.517     1.981     2.748
     0.002    61.517     1.981     2.759
     0.002    61.517     1.981     2.769
     0.002    61.517     1.981     2.780
     0.002    61.517     1.981     2.790
     0.002    61.517     1.981     2.801
     0.002    61.517     1.981     2.811
     0.002    61.517     1.981     2.822
     0.002    61.517     1.981     2.833
     0.001    61.517     1.982     2.844
     0.001    61.517     1.982     2.854
     0.001    61.517     1.982     2.865
     0.001    61.517     1.982     2.875
     0.001    61.517     1.982     2.886
     0.001    61.517     1.982     2.897
     0.001    61.517     1.982     2.907
     0.001    61.517     1.982     2.918
     0.001    61.517     1.982     2.929
     0.001    61.517     1.982     2.939
     0.001    61.517     1.982     2.950
     0.001    61.517     1.982     2.961
     0.001    61.517     1.982     2.971
     0.001    61.517     1.982     2.982
     0.001    61.517     1.982     2.992
     0.001    61.517     1.982     3.002
     0.001    61.517     1.983     3.013
     0.001    61.517     1.983     3.024
     0.001    61.517     1.983     3.035
     0.001    61.517     1.983     3.045
     0.001    61.517     1.983     3.056
     0.001    61.517     1.983     3.066
     0.001    61.516     1.983     3.077
     0.001    61.516     1.983     3.087
     0.001    61.516     1.983     3.098
     0.001    61.516     1.983     3.108
     0.001    61.516     1.983     3.119
     0.001    61.516     1.983     3.129
     0.001    61.516     1.983     3.140
     0.001    61.516     1.983     3.151
     0.001    61.516     1.983     3.161
     0.001    61.516     1.983     3.172
     0.001    61.516     1.983     3.183
     0.001    61.516     1.983     3.193
     0.001    61.516     1.983     3.204
     0.001    61.516     1.983     3.214
     0.001    61.516     1.983     3.225
     0.001    61.516     1.983     3.235
     0.001    61.516     1.983     3.246
     0.001    61.516     1.983     3.256
     0.001    61.516     1.983     3.267
     0.001    61.516     1.983     3.278
     0.001    61.516     1.983     3.287
     0.000    61.516     1.983     3.298
     0.000    61.516     1.983     3.318
     0.000    61.516     1.984     3.329
     0.000    61.516     1.984     3.339
     0.000    61.516     1.984     3.350
     0.000    61.516     1.984     3.360
     0.000    61.516     1.984     3.370
     0.000    61.516     1.984     3.380
     0.000    61.516     1.984     3.391
     0.000    61.516     1.984     3.401
     0.000    61.516     1.984     3.412
     0.000    61.516     1.984     3.423
     0.000    61.516     1.984     3.434
     0.000    61.516     1.984     3.444
     0.000    61.516     1.984     3.455
     0.000    61.516     1.984     3.466
     0.000    61.516     1.984     3.476
     0.000    61.516     1.984     3.486
     0.000    61.516     1.984     3.497
     0.000    61.516     1.984     3.506
     0.000    61.516     1.984     3.517
     0.000    61.516     1.984     3.526
     0.000    61.516     1.984     3.536
     0.000    61.516     1.984     3.549
     0.000    61.516     1.984     3.561
     0.000    61.516     1.984     3.572
     0.000    61.516     1.984     3.584
     0.000    61.516     1.984     3.596
     0.000    61.516     1.984     3.608
     0.000    61.516     1.984     3.620
     0.000    61.516     1.984     3.631
     0.000    61.516     1.984     3.643
     0.000    61.516     1.984     3.655
     0.000    61.516     1.984     3.668
     0.000    61.516     1.984     3.679
     0.000    61.516     1.984     3.691
     0.000    61.516     1.984     3.703
     0.000    61.516     1.984     3.715
     0.000    61.516     1.984     3.727
     0.000    61.516     1.984     3.738
     0.000    61.516     1.984     3.751
     0.000    61.516     1.984     3.763
     0.000    61.516     1.984     3.775
     0.000    61.516     1.984     3.787
     0.000    61.516     1.984     3.799
     0.000    61.516     1.984     3.811
     0.000    61.516     1.984     3.823
     0.000    61.516     1.984     3.835
     0.000    61.516     1.984     3.847
     0.000    61.516     1.984     3.859
     0.000    61.516     1.984     3.871
     0.000    61.516     1.984     3.882
     0.000    61.516     1.984     3.894
     0.000    61.516     1.984     3.906
     0.000    61.516     1.984     3.918
     0.000    61.516     1.984     3.930
     0.000    61.516     1.984     3.942
     0.000    61.516     1.984     3.953
     0.000    61.516     1.984     3.966
     0.000    61.516     1.984     3.978
     0.000    61.516     1.984     3.990
     0.000    61.516     1.984     4.002
     0.000    61.516     1.984     4.014
     0.000    61.516     1.984     4.026
     0.000    61.516     1.984     4.038
     0.000    61.516     1.984     4.050
     0.000    61.516     1.984     4.062
     0.000    61.516     1.984     4.074
     0.000    61.516     1.984     4.086
     0.000    61.516     1.984     4.098
     0.000    61.516     1.984     4.110
     0.000    61.516     1.984     4.122
     0.000    61.516     1.984     4.134
     0.000    61.516     1.984     4.146
     0.000    61.516     1.984     4.158
     0.000    61.516     1.984     4.171
     0.000    61.516     1.984     4.183
     0.000    61.516     1.984     4.195
     0.000    61.516     1.984     4.207
     0.000    61.516     1.984     4.219
     0.000    61.516     1.984     4.231
     0.000    61.516     1.984     4.243
     0.000    61.516     1.984     4.254
     0.000    61.516     1.984     4.267
     0.000    61.516     1.984     4.279
     0.000    61.516     1.984     4.291
     0.000    61.516     1.984     4.303
     0.000    61.516     1.984     4.314
     0.000    61.516     1.984     4.327
     0.000    61.516     1.984     4.339
     0.000    61.516     1.984     4.351
     0.000    61.516     1.984     4.363
     0.000    61.516     1.984     4.375
     0.000    61.516     1.984     4.387
     0.000    61.516     1.984     4.399
     0.000    61.516     1.984     4.411
     0.000    61.516     1.984     4.423
     0.000    61.516     1.984     4.435
     0.000    61.516     1.984     4.447
     0.000    61.516     1.984     4.459
     0.000    61.516     1.984     4.471
     0.000    61.516     1.984     4.489
     0.000    61.516     1.984     4.499
     0.000    61.516     1.984     4.510
     0.000    61.516     1.984     4.522
     0.000    61.516     1.984     4.532
     0.000    61.516     1.984     4.543
     0.000    61.516     1.984     4.553
     0.000    61.516     1.984     4.563
     0.000    61.516     1.984     4.574
     0.000    61.516     1.984     4.584
     0.000    61.516     1.984     4.595
     0.000    61.516     1.984     4.606
     0.000    61.516     1.984     4.616
     0.000    61.516     1.984     4.626
     0.000    61.516     1.984     4.637
     0.000    61.516     1.984     4.648
     0.000    61.516     1.984     4.658
     0.000    61.516     1.984     4.669
     0.000    61.516     1.984     4.680
     0.000    61.516     1.984     4.689
     0.000    61.516     1.984     4.698
     0.000    61.516     1.984     4.709
     0.000    61.516     1.984     4.719
     0.000    61.516     1.984     4.730
     0.000    61.516     1.984     4.742
     0.000    61.516     1.984     4.753
     0.000    61.516     1.984     4.764
     0.000    61.516     1.984     4.776
     0.000    61.516     1.984     4.786
     0.000    61.516     1.984     4.799
     0.000    61.516     1.984     4.811
     0.000    61.516     1.984     4.822
     0.000    61.516     1.984     4.833
     0.000    61.516     1.984     4.845
     0.000    61.516     1.984     4.856
     0.000    61.516     1.984     4.867
     0.000    61.516     1.984     4.879
     0.000    61.516     1.984     4.893
     0.000    61.516     1.984     4.903
     0.000    61.516     1.984     4.913
     0.000    61.516     1.984     4.923
     0.000    61.516     1.984     4.934
     0.000    61.516     1.984     4.946
     0.000    61.516     1.984     4.957
     0.000    61.516     1.984     4.967
     0.000    61.516     1.984     4.978
     0.000    61.516     1.984     4.989
     0.000    61.516     1.984     5.001
     0.000    61.516     1.984     5.013
     0.000    61.516     1.984     5.025
     0.000    61.516     1.984     5.037
     0.000    61.516     1.984     5.049
     0.000    61.516     1.984     5.061
     0.000    61.516     1.984     5.073
     0.000    61.516     1.984     5.085
     0.000    61.516     1.984     5.096
     0.000    61.516     1.984     5.112
     0.000    61.516     1.984     5.131
     0.000    61.516     1.984     5.147
     0.000    61.516     1.984     5.164
     0.000    61.516     1.984     5.180
     0.000    61.516     1.984     5.195
     0.000    61.516     1.984     5.211
     0.000    61.516     1.984     5.227
     0.000    61.516     1.984     5.245
     0.000    61.516     1.984     5.261
     0.000    61.516     1.984     5.278
     0.000    61.516     1.984     5.299
     0.000    61.516     1.984     5.319
     0.000    61.516     1.984     5.336
     0.000    61.516     1.984     5.356
     0.000    61.516     1.984     5.373
     0.000    61.516     1.984     5.392
     0.000    61.516     1.984     5.412
     0.000    61.516     1.984     5.429
     0.000    61.516     1.984     5.446
     0.000    61.516     1.984     5.463
     0.000    61.516     1.984     5.478
     0.000    61.516     1.984     5.497
     0.000    61.516     1.984     5.514
     0.000    61.516     1.984     5.533
     0.000    61.516     1.984     5.554
     0.000    61.516     1.984     5.570
     0.000    61.516     1.984     5.592
     0.000    61.516     1.984     5.608
     0.000    61.516     1.984     5.623
     0.000    61.516     1.984     5.639
     0.000    61.516     1.984     5.649
     0.000    61.516     1.984     5.661
     0.000    61.516     1.984     5.673
     0.000    61.516     1.984     5.685
     0.000    61.516     1.984     5.697
     0.000    61.516     1.984     5.709
     0.000    61.516     1.984     5.721
     0.000    61.516     1.984     5.733
     0.000    61.516     1.984     5.744
     0.000    61.516     1.984     5.756
     0.000    61.516     1.984     5.768
     0.000    61.516     1.984     5.787
     0.000    61.516     1.984     5.799
     0.000    61.516     1.984     5.822
