     1.000   125.000     0.000     0.000
     1.000   124.988     0.013     0.055
     1.000   124.975     0.025     0.070
     1.000   124.963     0.037     0.084
     1.000   124.950     0.050     0.097
     1.000   124.938     0.062     0.110
     1.000   124.925     0.075     0.123
     1.000   124.913     0.087     0.135
     1.000   124.900     0.100     0.146
     1.000   124.888     0.112     0.158
     1.000   124.875     0.125     0.169
     1.000   124.863     0.137     0.181
     1.000   124.850     0.150     0.192
     1.000   124.838     0.162     0.204
     1.000   124.825     0.175     0.215
     1.000   124.813     0.187     0.226
     1.000   124.800     0.200     0.239
     1.000   124.788     0.212     0.253
     1.000   124.775     0.225     0.264
     1.000   124.763     0.237     0.274
     1.000   124.750     0.250     0.284
     1.000   124.738     0.262     0.295
     1.000   124.725     0.275     0.307
     1.000   124.713     0.287     0.318
     1.000   124.700     0.300     0.328
     1.000   124.688     0.312     0.339
     1.000   124.675     0.325     0.351
     1.000   124.663     0.337     0.362
     1.000   124.651     0.350     0.374
     0.999   124.638     0.362     0.385
     0.999   124.626     0.375     0.397
     0.999   124.613     0.387     0.408
     0.999   124.601     0.400     0.418
     0.999   124.588     0.412     0.429
     0.999   124.576     0.425     0.440
     0.999   124.563     0.437     0.451
     0.999   124.551     0.450     0.461
     0.999   124.538     0.462     0.473
     0.999   124.526     0.475     0.483
     0.999   124.514     0.487     0.494
     0.999   124.501     0.500     0.506
     0.999   124.489     0.512     0.517
     0.999   124.476     0.525     0.527
     0.999   124.464     0.537     0.538
     0.999   124.451     0.550     0.551
     0.999   124.439     0.562     0.561
     0.999   124.427     0.575     0.572
     0.999   124.414     0.587     0.582
     0.999   124.402     0.600     0.594
     0.999   124.389     0.612     0.606
     0.998   124.377     0.625     0.617
     0.998   124.364     0.637     0.627
     0.998   124.352     0.650     0.638
     0.998   124.340     0.662     0.650
     0.998   124.327     0.675     0.660
     0.998   124.315     0.687     0.672
     0.998   124.302     0.700     0.684
     0.998   124.290     0.712     0.695
     0.998   124.278     0.725     0.706
     0.998   124.265     0.737     0.718
     0.998   124.253     0.749     0.729
     0.998   124.240     0.762     0.740
     0.998   124.228     0.774     0.751
     0.998   124.216     0.787     0.763
     0.997   124.203     0.799     0.774
     0.997   124.191     0.812     0.786
     0.997   124.178     0.824     0.798
     0.997   124.166     0.837     0.810
     0.997   124.154     0.849     0.821
     0.997   124.141     0.862     0.832
     0.997   124.129     0.874     0.843
     0.997   124.116     0.887     0.855
     0.997   124.104     0.899     0.866
     0.997   124.092     0.912     0.877
     0.997   124.079     0.924     0.889
     0.997   124.067     0.936     0.901
     0.996   124.055     0.949     0.912
     0.996   124.042     0.961     0.924
     0.996   124.030     0.974     0.936
     0.996   124.018     0.986     0.947
     0.996   124.005     0.999     0.958
     0.996   123.993     1.011     0.970
     0.996   123.981     1.024     0.981
     0.996   123.968     1.036     0.993
     0.996   123.956     1.049     1.004
     0.996   123.943     1.061     1.014
     0.995   123.931     1.073     1.026
     0.995   123.919     1.086     1.038
     0.995   123.906     1.098     1.049
     0.995   123.894     1.111     1.059
     0.995   123.882     1.123     1.071
     0.995   123.869     1.136     1.081
     0.995   123.857     1.148     1.093
     0.995   123.845     1.160     1.104
     0.995   123.833     1.173     1.116
     0.994   123.820     1.185     1.126
     0.994   123.808     1.198     1.138
     0.994   123.796     1.210     1.148
     0.994   123.783     1.223     1.159
     0.994   123.771     1.235     1.169
     0.994   123.759     1.247     1.196
     0.994   123.746     1.260     1.209
     0.994   123.734     1.272     1.220
     0.993   123.722     1.285     1.231
     0.993   123.709     1.297     1.242
     0.993   123.697     1.310     1.252
     0.993   123.685     1.322     1.263
     0.993   123.673     1.334     1.274
     0.993   123.660     1.347     1.284
     0.993   123.648     1.359     1.296
     0.993   123.636     1.372     1.307
     0.992   123.624     1.384     1.318
     0.992   123.611     1.396     1.328
     0.992   123.599     1.409     1.339
     0.992   123.587     1.421     1.349
     0.992   123.574     1.434     1.360
     0.992   123.562     1.446     1.370
     0.992   123.550     1.458     1.380
     0.991   123.538     1.471     1.392
     0.991   123.525     1.483     1.402
     0.991   123.513     1.496     1.413
     0.991   123.501     1.508     1.423
     0.991   123.489     1.520     1.434
     0.991   123.476     1.533     1.444
     0.991   123.464     1.545     1.456
     0.990   123.452     1.558     1.467
     0.990   123.440     1.570     1.477
     0.990   123.428     1.582     1.487
     0.990   123.415     1.595     1.498
     0.990   123.403     1.607     1.510
     0.990   123.391     1.619     1.521
     0.989   123.379     1.632     1.531
     0.989   123.366     1.644     1.541
     0.989   123.354     1.657     1.551
     0.989   123.342     1.669     1.561
     0.989   123.330     1.681     1.571
     0.989   123.318     1.694     1.582
     0.988   123.306     1.706     1.593
     0.988   123.293     1.718     1.605
     0.988   123.281     1.731     1.615
     0.988   123.269     1.743     1.625
     0.988   123.257     1.755     1.635
     0.988   123.245     1.768     1.645
     0.987   123.232     1.780     1.655
     0.987   123.220     1.792     1.665
     0.987   123.208     1.805     1.675
     0.987   123.196     1.817     1.685
     0.987   123.184     1.829     1.696
     0.987   123.172     1.842     1.707
     0.986   123.159     1.854     1.748
     0.986   123.147     1.866     1.760
     0.986   123.135     1.879     1.771
     0.986   123.123     1.891     1.782
     0.986   123.111     1.903     1.794
     0.985   123.099     1.916     1.806
     0.985   123.087     1.928     1.817
     0.985   123.074     1.940     1.827
     0.985   123.062     1.953     1.838
     0.985   123.050     1.965     1.852
     0.985   123.038     1.977     1.864
     0.984   123.026     1.990     1.875
     0.984   123.014     2.002     1.886
     0.984   123.002     2.014     1.898
     0.984   122.990     2.027     1.909
     0.984   122.978     2.039     1.920
     0.983   122.965     2.051     1.932
     0.983   122.953     2.063     1.943
     0.983   122.941     2.076     1.954
     0.983   122.929     2.088     1.965
     0.983   122.917     2.100     1.978
     0.982   122.905     2.113     1.990
     0.982   122.893     2.125     2.001
     0.982   122.881     2.137     2.012
     0.982   122.869     2.149     2.023
     0.982   122.857     2.162     2.034
     0.981   122.845     2.174     2.045
     0.981   122.833     2.186     2.056
     0.981   122.821     2.198     2.067
     0.981   122.809     2.211     2.077
     0.980   122.797     2.223     2.088
     0.980   122.785     2.235     2.098
     0.980   122.772     2.247     2.110
     0.980   122.760     2.260     2.121
     0.980   122.748     2.272     2.131
     0.979   122.736     2.284     2.143
     0.979   122.724     2.296     2.154
     0.979   122.712     2.309     2.165
     0.979   122.700     2.321     2.178
     0.978   122.688     2.333     2.188
     0.978   122.676     2.345     2.199
     0.978   122.664     2.358     2.210
     0.978   122.652     2.370     2.220
     0.978   122.640     2.382     2.231
     0.977   122.628     2.394     2.242
     0.977   122.616     2.407     2.252
     0.977   122.604     2.419     2.264
     0.977   122.592     2.431     2.275
     0.976   122.580     2.443     2.287
     0.976   122.568     2.455     2.297
     0.976   122.556     2.468     2.309
     0.976   122.545     2.480     2.333
     0.975   122.533     2.492     2.345
     0.975   122.521     2.504     2.356
     0.975   122.509     2.516     2.368
     0.975   122.497     2.529     2.379
     0.974   122.485     2.541     2.388
     0.974   122.473     2.553     2.399
     0.974   122.461     2.565     2.410
     0.974   122.449     2.577     2.421
     0.973   122.437     2.589     2.432
     0.973   122.425     2.602     2.442
     0.973   122.413     2.614     2.452
     0.973   122.401     2.626     2.462
     0.972   122.389     2.638     2.472
     0.972   122.378     2.650     2.481
     0.972   122.366     2.662     2.491
     0.972   122.354     2.675     2.501
     0.971   122.342     2.687     2.511
     0.971   122.330     2.699     2.522
     0.971   122.318     2.711     2.532
     0.971   122.306     2.723     2.544
     0.970   122.294     2.735     2.555
     0.970   122.282     2.747     2.566
     0.970   122.271     2.760     2.577
     0.970   122.259     2.772     2.588
     0.969   122.247     2.784     2.599
     0.969   122.235     2.796     2.609
     0.969   122.223     2.808     2.621
     0.969   122.211     2.820     2.632
     0.968   122.200     2.832     2.644
     0.968   122.188     2.844     2.655
     0.968   122.176     2.856     2.666
     0.967   122.164     2.868     2.676
     0.967   122.152     2.881     2.688
     0.967   122.140     2.893     2.700
     0.967   122.129     2.905     2.712
     0.966   122.117     2.917     2.723
     0.966   122.105     2.929     2.735
     0.966   122.093     2.941     2.746
     0.966   122.081     2.953     2.757
     0.965   122.070     2.965     2.769
     0.965   122.058     2.977     2.781
     0.965   122.046     2.989     2.792
     0.964   122.034     3.001     2.804
     0.964   122.022     3.013     2.815
     0.964   122.011     3.025     2.827
     0.964   121.999     3.037     2.837
     0.963   121.987     3.050     2.849
     0.963   121.975     3.062     2.861
     0.963   121.964     3.074     2.872
     0.962   121.952     3.086     2.882
     0.962   121.940     3.098     2.894
     0.962   121.928     3.110     2.905
     0.961   121.917     3.122     2.917
     0.961   121.905     3.134     2.927
     0.961   121.893     3.146     2.938
     0.961   121.882     3.158     2.948
     0.960   121.870     3.170     2.961
     0.960   121.858     3.182     2.972
     0.960   121.847     3.194     2.984
     0.959   121.835     3.206     2.995
     0.959   121.823     3.218     3.007
     0.959   121.811     3.230     3.017
     0.958   121.800     3.242     3.029
     0.958   121.788     3.254     3.040
     0.958   121.776     3.266     3.052
     0.958   121.765     3.278     3.062
     0.957   121.753     3.290     3.073
     0.957   121.741     3.302     3.085
     0.957   121.730     3.314     3.097
     0.956   121.718     3.326     3.109
     0.956   121.707     3.337     3.121
     0.956   121.695     3.349     3.132
     0.955   121.683     3.361     3.143
     0.955   121.672     3.373     3.153
     0.955   121.660     3.385     3.164
     0.954   121.648     3.397     3.174
     0.954   121.637     3.409     3.186
     0.954   121.625     3.421     3.197
     0.953   121.614     3.433     3.209
     0.953   121.602     3.445     3.220
     0.953   121.590     3.457     3.231
     0.952   121.579     3.469     3.242
     0.952   121.567     3.481     3.254
     0.952   121.556     3.493     3.264
     0.951   121.544     3.504     3.276
     0.951   121.533     3.516     3.287
     0.951   121.521     3.528     3.299
     0.951   121.509     3.540     3.310
     0.950   121.498     3.552     3.321
     0.950   121.486     3.564     3.332
     0.950   121.475     3.576     3.343
     0.949   121.463     3.588     3.354
     0.949   121.452     3.599     3.367
     0.949   121.440     3.611     3.377
     0.948   121.429     3.623     3.389
     0.948   121.417     3.635     3.400
     0.947   121.406     3.647     3.410
     0.947   121.394     3.659     3.421
     0.947   121.383     3.671     3.433
     0.946   121.371     3.682     3.453
     0.946   121.360     3.694     3.465
     0.946   121.348     3.706     3.477
     0.945   121.337     3.718     3.487
     0.945   121.325     3.730     3.498
     0.945   121.314     3.741     3.510
     0.944   121.302     3.753     3.522
     0.944   121.291     3.765     3.532
     0.944   121.279     3.777     3.544
     0.943   121.268     3.789     3.554
     0.943   121.257     3.800     3.566
     0.943   121.245     3.812     3.576
     0.942   121.234     3.824     3.587
     0.942   121.222     3.836     3.598
     0.942   121.211     3.848     3.610
     0.941   121.199     3.859     3.623
     0.941   121.188     3.871     3.635
     0.940   121.177     3.883     3.646
     0.940   121.165     3.895     3.657
     0.940   121.154     3.906     3.667
     0.939   121.142     3.918     3.679
     0.939   121.131     3.930     3.689
     0.939   121.120     3.942     3.701
     0.938   121.108     3.953     3.711
     0.938   121.097     3.965     3.722
     0.938   121.086     3.977     3.732
     0.937   121.074     3.989     3.743
     0.937   121.063     4.000     3.754
     0.936   121.052     4.012     3.766
     0.936   121.040     4.024     3.776
     0.936   121.029     4.035     3.786
     0.935   121.018     4.047     3.796
     0.935   121.006     4.059     3.820
     0.935   120.995     4.070     3.833
     0.934   120.984     4.082     3.843
     0.934   120.972     4.094     3.854
     0.934   120.961     4.106     3.864
     0.933   120.950     4.117     3.875
     0.933   120.938     4.129     3.885
     0.932   120.927     4.140     3.895
     0.932   120.916     4.152     3.906
     0.932   120.905     4.164     3.917
     0.931   120.893     4.175     3.926
     0.931   120.882     4.187     3.936
     0.930   120.871     4.199     3.946
     0.930   120.860     4.210     3.956
     0.930   120.848     4.222     3.966
     0.929   120.837     4.234     3.975
     0.929   120.826     4.245     3.985
     0.929   120.815     4.257     3.995
     0.928   120.803     4.268     4.004
     0.928   120.792     4.280     4.014
     0.927   120.781     4.292     4.024
     0.927   120.770     4.303     4.033
     0.927   120.759     4.315     4.044
     0.926   120.747     4.326     4.055
     0.926   120.736     4.338     4.065
     0.925   120.725     4.350     4.075
     0.925   120.714     4.361     4.085
     0.925   120.703     4.373     4.097
     0.924   120.692     4.384     4.108
     0.924   120.680     4.396     4.118
     0.923   120.669     4.407     4.128
     0.923   120.658     4.419     4.141
     0.923   120.647     4.430     4.150
     0.922   120.636     4.442     4.162
     0.922   120.625     4.453     4.172
     0.921   120.614     4.465     4.184
     0.921   120.602     4.477     4.193
     0.921   120.591     4.488     4.204
     0.920   120.580     4.500     4.214
     0.920   120.569     4.511     4.225
     0.919   120.558     4.523     4.235
     0.919   120.547     4.534     4.245
     0.919   120.536     4.546     4.255
     0.918   120.525     4.557     4.266
     0.918   120.514     4.568     4.274
     0.917   120.503     4.580     4.286
     0.917   120.492     4.591     4.295
     0.917   120.481     4.603     4.306
     0.916   120.470     4.614     4.317
     0.916   120.459     4.626     4.327
     0.915   120.448     4.637     4.337
     0.915   120.436     4.649     4.346
     0.914   120.425     4.660     4.358
     0.914   120.414     4.672     4.368
     0.914   120.403     4.683     4.379
     0.913   120.392     4.694     4.391
     0.913   120.381     4.706     4.402
     0.912   120.370     4.717     4.411
     0.912   120.359     4.729     4.422
     0.911   120.349     4.740     4.432
     0.911   120.338     4.751     4.443
     0.911   120.327     4.763     4.455
     0.910   120.316     4.774     4.464
     0.910   120.305     4.786     4.476
     0.909   120.294     4.797     4.486
     0.909   120.283     4.808     4.498
     0.908   120.272     4.820     4.508
     0.908   120.261     4.831     4.518
     0.908   120.250     4.842     4.537
     0.907   120.239     4.854     4.548
     0.907   120.228     4.865     4.558
     0.906   120.217     4.876     4.570
     0.906   120.206     4.888     4.579
     0.905   120.195     4.899     4.590
     0.905   120.185     4.910     4.600
     0.905   120.174     4.922     4.611
     0.904   120.163     4.933     4.621
     0.904   120.152     4.944     4.630
     0.903   120.141     4.956     4.640
     0.903   120.130     4.967     4.651
     0.902   120.119     4.978     4.661
     0.902   120.109     4.989     4.672
     0.902   120.098     5.001     4.682
     0.901   120.087     5.012     4.692
     0.901   120.076     5.023     4.702
     0.900   120.065     5.034     4.714
     0.900   120.055     5.046     4.724
     0.899   120.044     5.057     4.734
     0.899   120.033     5.068     4.745
     0.898   120.022     5.079     4.756
     0.898   120.011     5.091     4.765
     0.898   120.001     5.102     4.775
     0.897   119.990     5.113     4.785
     0.897   119.979     5.124     4.796
     0.896   119.968     5.136     4.807
     0.896   119.958     5.147     4.816
     0.895   119.947     5.158     4.826
     0.895   119.936     5.169     4.836
     0.894   119.925     5.180     4.846
     0.894   119.915     5.192     4.856
     0.893   119.904     5.203     4.866
     0.893   119.893     5.214     4.877
     0.893   119.882     5.225     4.888
     0.892   119.872     5.236     4.898
     0.892   119.861     5.247     4.910
     0.891   119.850     5.258     4.920
     0.891   119.840     5.270     4.930
     0.890   119.829     5.281     4.942
     0.890   119.818     5.292     4.954
     0.889   119.808     5.303     4.966
     0.889   119.797     5.314     4.978
     0.888   119.786     5.325     4.990
     0.888   119.776     5.336     5.002
     0.887   119.765     5.347     5.012
     0.887   119.754     5.359     5.022
     0.887   119.744     5.370     5.033
     0.886   119.733     5.381     5.042
     0.886   119.723     5.392     5.052
     0.885   119.712     5.403     5.063
     0.885   119.701     5.414     5.073
     0.884   119.691     5.425     5.084
     0.884   119.680     5.436     5.095
     0.883   119.670     5.447     5.104
     0.883   119.659     5.458     5.115
     0.882   119.649     5.469     5.125
     0.882   119.638     5.480     5.137
     0.881   119.627     5.491     5.146
     0.881   119.617     5.502     5.155
     0.880   119.606     5.513     5.166
     0.880   119.596     5.524     5.177
     0.879   119.585     5.535     5.186
     0.879   119.575     5.546     5.195
     0.879   119.564     5.557     5.206
     0.878   119.554     5.568     5.218
     0.878   119.543     5.579     5.228
     0.877   119.533     5.590     5.239
     0.877   119.522     5.601     5.249
     0.876   119.512     5.612     5.261
     0.876   119.501     5.623     5.273
     0.875   119.491     5.634     5.284
     0.875   119.480     5.645     5.294
     0.874   119.470     5.656     5.303
     0.874   119.460     5.667     5.313
     0.873   119.449     5.678     5.325
     0.873   119.439     5.689     5.336
     0.872   119.428     5.699     5.348
     0.872   119.418     5.710     5.358
     0.871   119.407     5.721     5.390
     0.871   119.397     5.732     5.407
     0.870   119.387     5.743     5.422
     0.870   119.376     5.754     5.438
     0.869   119.366     5.765     5.450
     0.869   119.355     5.776     5.462
     0.868   119.345     5.787     5.472
     0.868   119.335     5.797     5.483
     0.867   119.324     5.808     5.494
     0.867   119.314     5.819     5.506
     0.866   119.304     5.830     5.515
     0.866   119.293     5.841     5.526
     0.865   119.283     5.852     5.541
     0.865   119.273     5.862     5.559
     0.864   119.262     5.873     5.576
     0.864   119.252     5.884     5.586
     0.863   119.242     5.895     5.598
     0.863   119.231     5.906     5.610
     0.862   119.221     5.916     5.620
     0.862   119.211     5.927     5.632
     0.861   119.201     5.938     5.643
     0.861   119.190     5.949     5.671
