     1.000   125.000     0.000     0.000
     1.000   124.975     0.025     0.050
     1.000   124.950     0.050     0.065
     1.000   124.925     0.075     0.077
     1.000   124.900     0.100     0.091
     1.000   124.875     0.125     0.102
     1.000   124.850     0.150     0.113
     1.000   124.825     0.175     0.123
     1.000   124.800     0.200     0.133
     1.000   124.775     0.225     0.145
     1.000   124.750     0.250     0.155
     1.000   124.725     0.275     0.166
     1.000   124.700     0.300     0.177
     1.000   124.675     0.325     0.189
     1.000   124.651     0.350     0.199
     0.999   124.626     0.375     0.209
     0.999   124.601     0.400     0.219
     0.999   124.576     0.425     0.231
     0.999   124.551     0.450     0.241
     0.999   124.526     0.475     0.253
     0.999   124.501     0.500     0.263
     0.999   124.476     0.525     0.274
     0.999   124.451     0.550     0.284
     0.999   124.427     0.575     0.296
     0.999   124.402     0.600     0.306
     0.998   124.377     0.625     0.318
     0.998   124.352     0.650     0.328
     0.998   124.327     0.675     0.339
     0.998   124.302     0.700     0.349
     0.998   124.278     0.725     0.361
     0.998   124.253     0.749     0.371
     0.998   124.228     0.774     0.384
     0.997   124.203     0.799     0.394
     0.997   124.178     0.824     0.405
     0.997   124.154     0.849     0.415
     0.997   124.129     0.874     0.427
     0.997   124.104     0.899     0.436
     0.997   124.079     0.924     0.448
     0.996   124.055     0.949     0.458
     0.996   124.030     0.974     0.470
     0.996   124.005     0.999     0.480
     0.996   123.981     1.024     0.492
     0.996   123.956     1.049     0.502
     0.995   123.931     1.073     0.513
     0.995   123.906     1.098     0.523
     0.995   123.882     1.123     0.534
     0.995   123.857     1.148     0.545
     0.995   123.833     1.173     0.556
     0.994   123.808     1.198     0.566
     0.994   123.783     1.223     0.576
     0.994   123.759     1.247     0.588
     0.994   123.734     1.272     0.598
     0.993   123.709     1.297     0.609
     0.993   123.685     1.322     0.619
     0.993   123.660     1.347     0.631
     0.993   123.636     1.372     0.641
     0.992   123.611     1.396     0.651
     0.992   123.587     1.421     0.663
     0.992   123.562     1.446     0.673
     0.991   123.538     1.471     0.683
     0.991   123.513     1.496     0.724
     0.991   123.489     1.520     0.739
     0.991   123.464     1.545     0.752
     0.990   123.440     1.570     0.763
     0.990   123.415     1.595     0.773
     0.990   123.391     1.619     0.783
     0.989   123.367     1.644     0.793
     0.989   123.342     1.669     0.805
     0.989   123.318     1.694     0.815
     0.988   123.293     1.718     0.827
     0.988   123.269     1.743     0.837
     0.988   123.245     1.768     0.849
     0.987   123.220     1.792     0.859
     0.987   123.196     1.817     0.870
     0.987   123.172     1.842     0.880
     0.986   123.147     1.866     0.890
     0.986   123.123     1.891     0.901
     0.985   123.099     1.916     0.912
     0.985   123.075     1.940     0.922
     0.985   123.050     1.965     0.934
     0.984   123.026     1.990     0.944
     0.984   123.002     2.014     0.955
     0.984   122.978     2.039     0.967
     0.983   122.953     2.063     0.978
     0.983   122.929     2.088     0.988
     0.982   122.905     2.113     1.000
     0.982   122.881     2.137     1.010
     0.982   122.857     2.162     1.021
     0.981   122.833     2.186     1.031
     0.981   122.809     2.211     1.042
     0.980   122.785     2.235     1.051
     0.980   122.760     2.260     1.064
     0.979   122.736     2.284     1.074
     0.979   122.712     2.309     1.086
     0.978   122.688     2.333     1.095
     0.978   122.664     2.358     1.107
     0.978   122.640     2.382     1.117
     0.977   122.616     2.407     1.129
     0.977   122.592     2.431     1.139
     0.976   122.568     2.455     1.150
     0.976   122.545     2.480     1.172
     0.975   122.521     2.504     1.184
     0.975   122.497     2.529     1.195
     0.974   122.473     2.553     1.205
     0.974   122.449     2.577     1.217
     0.973   122.425     2.602     1.226
     0.973   122.401     2.626     1.238
     0.972   122.378     2.650     1.248
     0.972   122.354     2.675     1.258
     0.971   122.330     2.699     1.269
     0.971   122.306     2.723     1.278
     0.970   122.282     2.747     1.290
     0.970   122.259     2.772     1.301
     0.969   122.235     2.796     1.313
     0.969   122.211     2.820     1.323
     0.968   122.188     2.844     1.334
     0.967   122.164     2.868     1.344
     0.967   122.140     2.893     1.355
     0.966   122.117     2.917     1.365
     0.966   122.093     2.941     1.376
     0.965   122.070     2.965     1.386
     0.965   122.046     2.989     1.398
     0.964   122.023     3.013     1.408
     0.964   121.999     3.037     1.418
     0.963   121.975     3.062     1.427
     0.962   121.952     3.086     1.438
     0.962   121.929     3.110     1.448
     0.961   121.905     3.134     1.460
     0.961   121.882     3.158     1.470
     0.960   121.858     3.182     1.480
     0.959   121.835     3.206     1.490
     0.959   121.811     3.230     1.502
     0.958   121.788     3.254     1.512
     0.958   121.765     3.278     1.524
     0.957   121.741     3.302     1.534
     0.956   121.718     3.326     1.546
     0.956   121.695     3.349     1.556
     0.955   121.672     3.373     1.567
     0.954   121.648     3.397     1.575
     0.954   121.625     3.421     1.586
     0.953   121.602     3.445     1.598
     0.952   121.579     3.469     1.608
     0.952   121.556     3.493     1.620
     0.951   121.533     3.516     1.630
     0.951   121.509     3.540     1.642
     0.950   121.486     3.564     1.651
     0.949   121.463     3.588     1.663
     0.949   121.440     3.611     1.673
     0.948   121.417     3.635     1.684
     0.947   121.394     3.659     1.694
     0.946   121.371     3.682     1.706
     0.946   121.348     3.706     1.716
     0.945   121.325     3.730     1.728
     0.944   121.302     3.753     1.738
     0.944   121.279     3.777     1.750
     0.943   121.257     3.800     1.762
     0.942   121.234     3.824     1.772
     0.942   121.211     3.848     1.782
     0.941   121.188     3.871     1.792
     0.940   121.165     3.895     1.803
     0.939   121.142     3.918     1.814
     0.939   121.120     3.942     1.824
     0.938   121.097     3.965     1.836
     0.937   121.074     3.989     1.847
     0.936   121.052     4.012     1.857
     0.936   121.029     4.035     1.868
     0.935   121.006     4.059     1.880
     0.934   120.984     4.082     1.890
     0.934   120.961     4.105     1.902
     0.933   120.938     4.129     1.912
     0.932   120.916     4.152     1.923
     0.931   120.893     4.175     1.933
     0.930   120.871     4.199     1.945
     0.930   120.848     4.222     1.956
     0.929   120.826     4.245     1.964
     0.928   120.803     4.268     1.975
     0.927   120.781     4.292     1.986
     0.927   120.759     4.315     1.996
     0.926   120.736     4.338     2.008
     0.925   120.714     4.361     2.019
     0.924   120.692     4.384     2.030
     0.923   120.669     4.407     2.040
     0.923   120.647     4.430     2.049
     0.922   120.625     4.453     2.059
     0.921   120.603     4.476     2.069
     0.920   120.580     4.500     2.078
     0.919   120.558     4.523     2.088
     0.919   120.536     4.545     2.099
     0.918   120.514     4.568     2.111
     0.917   120.492     4.591     2.122
     0.916   120.470     4.614     2.134
     0.915   120.448     4.637     2.144
     0.914   120.426     4.660     2.154
     0.914   120.403     4.683     2.165
     0.913   120.382     4.706     2.177
     0.912   120.360     4.729     2.187
     0.911   120.338     4.751     2.199
     0.910   120.316     4.774     2.210
     0.909   120.294     4.797     2.222
     0.908   120.272     4.820     2.232
     0.908   120.250     4.842     2.426
     0.907   120.228     4.865     2.439
     0.906   120.206     4.888     2.449
     0.905   120.185     4.910     2.460
     0.904   120.163     4.933     2.471
     0.903   120.141     4.956     2.481
     0.902   120.119     4.978     2.491
     0.902   120.098     5.001     2.504
     0.901   120.076     5.023     2.514
     0.900   120.055     5.046     2.526
     0.899   120.033     5.068     2.537
     0.898   120.011     5.091     2.549
     0.897   119.990     5.113     2.559
     0.896   119.968     5.136     2.571
     0.895   119.947     5.158     2.581
     0.894   119.925     5.180     2.593
     0.893   119.904     5.203     2.603
     0.893   119.882     5.225     2.613
     0.892   119.861     5.247     2.624
     0.891   119.840     5.270     2.636
     0.890   119.818     5.292     2.646
     0.889   119.797     5.314     2.658
     0.888   119.776     5.336     2.669
     0.887   119.755     5.358     2.681
     0.886   119.733     5.381     2.691
     0.885   119.712     5.403     2.702
     0.884   119.691     5.425     2.712
     0.883   119.670     5.447     2.724
     0.882   119.649     5.469     2.734
     0.881   119.627     5.491     2.747
     0.880   119.606     5.513     2.758
     0.879   119.585     5.535     2.770
     0.879   119.564     5.557     2.779
     0.878   119.543     5.579     2.790
     0.877   119.522     5.601     2.800
     0.876   119.501     5.623     2.811
     0.875   119.480     5.645     2.822
     0.874   119.460     5.667     2.832
     0.873   119.439     5.689     2.842
     0.872   119.418     5.710     2.854
     0.871   119.397     5.732     2.864
     0.870   119.376     5.754     2.875
     0.869   119.356     5.776     2.885
     0.868   119.335     5.797     2.922
     0.867   119.314     5.819     2.932
     0.866   119.293     5.841     2.943
     0.865   119.273     5.862     2.957
     0.864   119.252     5.884     2.967
     0.863   119.231     5.906     2.977
     0.862   119.211     5.927     2.991
     0.861   119.190     5.949     3.006
     0.860   119.170     5.970     3.025
     0.859   119.149     5.992     3.041
     0.858   119.129     6.013     3.056
     0.857   119.108     6.035     3.075
     0.856   119.088     6.056     3.090
     0.855   119.068     6.077     3.107
     0.854   119.047     6.099     3.123
     0.853   119.027     6.120     3.137
     0.852   119.007     6.141     3.152
     0.851   118.986     6.163     3.168
     0.850   118.966     6.184     3.183
     0.849   118.946     6.205     3.198
     0.848   118.926     6.226     3.214
     0.847   118.906     6.248     3.229
     0.846   118.886     6.269     3.243
     0.845   118.865     6.290     3.259
     0.844   118.845     6.311     3.279
     0.843   118.825     6.332     3.295
     0.842   118.805     6.353     3.312
     0.840   118.785     6.374     3.325
     0.839   118.765     6.395     3.341
     0.838   118.745     6.416     3.358
     0.837   118.726     6.437     3.373
     0.836   118.706     6.458     3.388
     0.835   118.686     6.479     3.402
     0.834   118.666     6.500     3.417
     0.833   118.646     6.521     3.433
     0.832   118.626     6.542     3.447
     0.831   118.607     6.562     3.463
     0.830   118.587     6.583     3.476
     0.829   118.567     6.604     3.488
     0.828   118.548     6.625     3.501
     0.827   118.528     6.645     3.513
     0.826   118.508     6.666     3.525
     0.825   118.489     6.687     3.538
     0.824   118.469     6.707     3.548
     0.822   118.450     6.728     3.561
     0.821   118.430     6.748     3.574
     0.820   118.411     6.769     3.585
     0.819   118.392     6.789     3.597
     0.818   118.372     6.810     3.609
     0.817   118.353     6.830     3.620
     0.816   118.333     6.851     3.632
     0.815   118.314     6.871     3.643
     0.814   118.295     6.891     3.654
     0.813   118.276     6.912     3.668
     0.812   118.256     6.932     3.678
     0.810   118.237     6.952     3.688
     0.809   118.218     6.973     3.700
     0.808   118.199     6.993     3.734
     0.807   118.180     7.013     3.746
     0.806   118.161     7.033     3.757
     0.805   118.142     7.053     3.769
     0.804   118.123     7.073     3.780
     0.803   118.104     7.094     3.791
     0.802   118.085     7.114     3.803
     0.801   118.066     7.134     3.815
     0.799   118.047     7.154     3.827
     0.798   118.028     7.174     3.843
     0.797   118.009     7.194     3.860
     0.796   117.990     7.213     3.877
     0.795   117.972     7.233     3.893
     0.794   117.953     7.253     3.908
     0.793   117.934     7.273     3.925
     0.792   117.915     7.293     3.940
     0.791   117.897     7.313     3.955
     0.789   117.878     7.332     3.970
     0.788   117.860     7.352     3.985
     0.787   117.841     7.372     4.002
     0.786   117.822     7.392     4.020
     0.785   117.804     7.411     4.035
     0.784   117.785     7.431     4.050
     0.783   117.767     7.450     4.062
     0.782   117.749     7.470     4.074
     0.780   117.730     7.489     4.088
     0.779   117.712     7.509     4.103
     0.778   117.693     7.528     4.118
     0.777   117.675     7.548     4.133
     0.776   117.657     7.567     4.147
     0.775   117.639     7.587     4.164
     0.774   117.620     7.606     4.180
     0.772   117.602     7.625     4.196
     0.771   117.584     7.645     4.211
     0.770   117.566     7.664     4.227
     0.769   117.548     7.683     4.243
     0.768   117.530     7.702     4.258
     0.767   117.512     7.722     4.274
     0.766   117.494     7.741     4.289
     0.764   117.476     7.760     4.305
     0.763   117.458     7.779     4.320
     0.762   117.440     7.798     4.336
     0.761   117.422     7.817     4.351
     0.760   117.404     7.836     4.367
     0.759   117.386     7.855     4.382
     0.757   117.368     7.874     4.398
     0.756   117.351     7.893     4.413
     0.755   117.333     7.912     4.429
     0.754   117.315     7.931     4.444
     0.753   117.298     7.950     4.460
     0.752   117.280     7.968     4.475
     0.751   117.262     7.987     4.490
     0.749   117.245     8.006     4.506
     0.748   117.227     8.025     4.521
     0.747   117.210     8.043     4.537
     0.746   117.192     8.062     4.553
     0.745   117.175     8.081     4.568
     0.744   117.157     8.099     4.583
     0.742   117.140     8.118     4.599
     0.741   117.122     8.136     4.614
     0.740   117.105     8.155     4.630
     0.739   117.088     8.173     4.646
     0.738   117.070     8.192     4.661
     0.737   117.053     8.210     4.676
     0.735   117.036     8.229     4.690
     0.734   117.019     8.247     4.703
     0.733   117.002     8.266     4.716
     0.732   116.984     8.284     4.728
     0.731   116.967     8.302     4.741
     0.729   116.950     8.320     4.753
     0.728   116.933     8.339     4.764
     0.727   116.916     8.357     4.775
     0.726   116.899     8.375     4.787
     0.725   116.882     8.393     4.798
     0.724   116.865     8.411     4.809
     0.722   116.848     8.429     4.821
     0.721   116.831     8.447     4.832
     0.720   116.815     8.465     4.843
     0.719   116.798     8.483     4.855
     0.718   116.781     8.501     4.866
     0.717   116.764     8.519     4.878
     0.715   116.747     8.537     4.889
     0.714   116.731     8.555     4.901
     0.713   116.714     8.573     4.914
     0.712   116.697     8.591     4.927
     0.711   116.681     8.609     4.938
     0.709   116.664     8.626     4.949
     0.708   116.648     8.644     4.961
     0.707   116.631     8.662     4.974
     0.706   116.615     8.679     4.987
     0.705   116.598     8.697     5.001
     0.704   116.582     8.715     5.014
     0.702   116.565     8.732     5.025
     0.701   116.549     8.750     5.038
     0.700   116.533     8.767     5.051
     0.699   116.516     8.785     5.064
     0.698   116.500     8.802     5.078
     0.696   116.484     8.820     5.091
     0.695   116.468     8.837     5.105
     0.694   116.452     8.854     5.118
     0.693   116.435     8.872     5.154
     0.692   116.419     8.889     5.182
     0.690   116.403     8.906     5.195
     0.689   116.387     8.924     5.209
     0.688   116.371     8.941     5.222
     0.687   116.355     8.958     5.234
     0.686   116.339     8.975     5.245
     0.685   116.323     8.992     5.256
     0.683   116.307     9.009     5.269
     0.682   116.291     9.027     5.280
     0.681   116.275     9.044     5.292
     0.680   116.260     9.061     5.303
     0.679   116.244     9.078     5.314
     0.677   116.228     9.095     5.327
     0.676   116.212     9.111     5.339
     0.675   116.197     9.128     5.352
     0.674   116.181     9.145     5.364
     0.673   116.165     9.162     5.376
     0.671   116.150     9.179     5.387
     0.670   116.134     9.196     5.401
     0.669   116.119     9.212     5.414
     0.668   116.103     9.229     5.425
     0.667   116.087     9.246     5.439
     0.666   116.072     9.262     5.450
     0.664   116.057     9.279     5.462
     0.663   116.041     9.296     5.474
     0.662   116.026     9.312     5.486
     0.661   116.010     9.329     5.499
     0.660   115.995     9.345     5.513
     0.658   115.980     9.362     5.527
     0.657   115.965     9.378     5.538
     0.656   115.949     9.395     5.551
     0.655   115.934     9.411     5.563
     0.654   115.919     9.427     5.576
     0.652   115.904     9.444     5.589
     0.651   115.889     9.460     5.600
     0.650   115.874     9.476     5.612
     0.649   115.859     9.493     5.625
     0.648   115.844     9.509     5.638
     0.647   115.829     9.525     5.651
     0.645   115.814     9.541     5.662
     0.644   115.799     9.557     5.673
     0.643   115.784     9.573     5.683
     0.642   115.769     9.589     5.694
     0.641   115.754     9.605     5.705
     0.639   115.739     9.621     5.717
     0.638   115.724     9.637     5.728
     0.637   115.710     9.653     5.739
     0.636   115.695     9.669     5.750
     0.635   115.680     9.685     5.763
     0.633   115.665     9.701     5.776
     0.632   115.651     9.717     5.789
     0.631   115.636     9.733     5.803
     0.630   115.622     9.748     5.814
     0.629   115.607     9.764     5.826
     0.628   115.592     9.780     5.837
     0.626   115.578     9.796     5.850
     0.625   115.564     9.811     5.864
     0.624   115.549     9.827     5.875
     0.623   115.535     9.842     5.887
     0.622   115.520     9.858     5.899
     0.621   115.506     9.874     5.910
     0.619   115.492     9.889     5.924
     0.618   115.477     9.905     5.937
     0.617   115.463     9.920     5.948
     0.616   115.449     9.935     5.962
     0.615   115.435     9.951     5.975
     0.613   115.420     9.966     5.988
     0.612   115.406     9.982     6.002
     0.611   115.392     9.997     6.015
     0.610   115.378    10.012     6.028
     0.609   115.364    10.027     6.041
     0.608   115.350    10.043     6.054
     0.606   115.336    10.058     6.067
     0.605   115.322    10.073     6.080
     0.604   115.308    10.088     6.092
     0.603   115.294    10.103     6.108
     0.602   115.280    10.118     6.124
     0.601   115.266    10.133     6.139
     0.599   115.252    10.148     6.156
     0.598   115.239    10.163     6.172
     0.597   115.225    10.178     6.188
     0.596   115.211    10.193     6.203
     0.595   115.197    10.208     6.219
     0.594   115.184    10.223     6.234
     0.592   115.170    10.238     6.249
     0.591   115.156    10.252     6.265
     0.590   115.143    10.267     6.280
     0.589   115.129    10.282     6.296
     0.588   115.116    10.297     6.311
     0.587   115.102    10.311     6.326
     0.585   115.089    10.326     6.342
     0.584   115.075    10.341     6.357
     0.583   115.062    10.355     6.372
     0.582   115.048    10.370     6.388
     0.581   115.035    10.384     6.403
     0.580   115.022    10.399     6.418
     0.578   115.008    10.413     6.434
     0.577   114.995    10.428     6.449
     0.576   114.982    10.442     6.464
     0.575   114.968    10.457     6.492
     0.574   114.955    10.471     6.509
     0.573   114.942    10.485     6.524
     0.572   114.929    10.500     6.539
     0.570   114.916    10.514     6.554
     0.569   114.903    10.528     6.570
     0.568   114.890    10.542     6.586
     0.567   114.877    10.557     6.602
     0.566   114.864    10.571     6.617
     0.565   114.851    10.585     6.633
     0.563   114.838    10.599     6.648
     0.562   114.825    10.613     6.663
     0.561   114.812    10.627     6.678
     0.560   114.799    10.641     6.694
     0.559   114.786    10.655     6.709
     0.558   114.773    10.669     6.724
     0.557   114.760    10.683     6.740
     0.555   114.748    10.697     6.755
     0.554   114.735    10.711     6.771
     0.553   114.722    10.725     6.787
     0.552   114.709    10.738     6.802
     0.551   114.697    10.752     6.819
     0.550   114.684    10.766     6.834
     0.549   114.672    10.780     6.851
     0.548   114.659    10.793     6.868
     0.546   114.646    10.807     6.883
     0.545   114.634    10.821     6.898
     0.544   114.621    10.834     6.914
     0.543   114.609    10.848     6.929
     0.542   114.597    10.862     6.946
     0.541   114.584    10.875     6.960
     0.540   114.572    10.889     6.976
     0.539   114.559    10.902     6.991
     0.537   114.547    10.916     7.006
     0.536   114.535    10.929     7.021
     0.535   114.522    10.942     7.038
     0.534   114.510    10.956     7.054
     0.533   114.498    10.969     7.071
     0.532   114.486    10.982     7.086
     0.531   114.474    10.996     7.101
     0.530   114.461    11.009     7.118
     0.528   114.449    11.022     7.133
     0.527   114.437    11.035     7.148
     0.526   114.425    11.049     7.163
     0.525   114.413    11.062     7.179
     0.524   114.401    11.075     7.196
     0.523   114.389    11.088     7.211
     0.522   114.377    11.101     7.226
     0.521   114.365    11.114     7.241
     0.520   114.353    11.127     7.256
     0.518   114.341    11.140     7.271
     0.517   114.330    11.153     7.288
     0.516   114.318    11.166     7.304
     0.515   114.306    11.179     7.321
     0.514   114.294    11.192     7.336
     0.513   114.283    11.205     7.353
     0.512   114.271    11.217     7.368
     0.511   114.259    11.230     7.383
     0.510   114.247    11.243     7.399
     0.509   114.236    11.256     7.415
     0.507   114.224    11.268     7.430
     0.506   114.213    11.281     7.446
     0.505   114.201    11.294     7.470
     0.504   114.190    11.306     7.487
     0.503   114.178    11.319     7.501
     0.502   114.167    11.332     7.516
     0.501   114.155    11.344     7.533
     0.500   114.144    11.357     7.546
     0.499   114.132    11.369     7.561
     0.498   114.121    11.382     7.577
     0.497   114.110    11.394     7.592
     0.495   114.098    11.406     7.607
     0.494   114.087    11.419     7.623
     0.493   114.076    11.431     7.638
     0.492   114.064    11.443     7.654
     0.491   114.053    11.456     7.668
     0.490   114.042    11.468     7.684
     0.489   114.031    11.480     7.700
     0.488   114.020    11.492     7.716
     0.487   114.009    11.505     7.731
     0.486   113.997    11.517     7.746
     0.485   113.986    11.529     7.762
     0.484   113.975    11.541     7.777
     0.483   113.964    11.553     7.794
     0.482   113.953    11.565     7.809
     0.480   113.942    11.577     7.826
     0.479   113.931    11.589     7.841
     0.478   113.920    11.601     7.858
     0.477   113.910    11.613     7.873
     0.476   113.899    11.625     7.891
     0.475   113.888    11.637     7.906
     0.474   113.877    11.649     7.920
     0.473   113.866    11.661     7.937
     0.472   113.855    11.673     7.952
     0.471   113.845    11.684     7.969
     0.470   113.834    11.696     7.986
     0.469   113.823    11.708     8.001
     0.468   113.813    11.720     8.018
     0.467   113.802    11.731     8.033
     0.466   113.791    11.743     8.050
     0.465   113.781    11.755     8.084
     0.464   113.770    11.766     8.101
     0.463   113.760    11.778     8.117
     0.462   113.749    11.789     8.132
     0.461   113.739    11.801     8.149
     0.459   113.728    11.812     8.164
     0.458   113.718    11.824     8.182
     0.457   113.707    11.835     8.197
     0.456   113.697    11.847     8.214
     0.455   113.687    11.858     8.229
     0.454   113.676    11.869     8.245
     0.453   113.666    11.881     8.260
     0.452   113.656    11.892     8.275
     0.451   113.645    11.903     8.290
     0.450   113.635    11.915     8.306
     0.449   113.625    11.926     8.321
     0.448   113.615    11.937     8.338
     0.447   113.604    11.948     8.353
     0.446   113.594    11.960     8.370
     0.445   113.584    11.971     8.386
     0.444   113.574    11.982     8.402
     0.443   113.564    11.993     8.418
     0.442   113.554    12.004     8.435
     0.441   113.544    12.015     8.450
     0.440   113.534    12.026     8.467
     0.439   113.524    12.037     8.484
     0.438   113.514    12.048     8.499
     0.437   113.504    12.059     8.514
     0.436   113.494    12.070     8.531
     0.435   113.484    12.081     8.547
     0.434   113.474    12.092     8.564
     0.433   113.465    12.102     8.580
     0.432   113.455    12.113     8.594
     0.431   113.445    12.124     8.609
     0.430   113.435    12.135     8.625
     0.429   113.425    12.146     8.641
     0.428   113.416    12.156     8.658
     0.427   113.406    12.167     8.675
     0.426   113.396    12.178     8.690
     0.425   113.387    12.188     8.707
     0.424   113.377    12.199     8.722
     0.423   113.367    12.210     8.738
     0.422   113.358    12.220     8.753
     0.421   113.348    12.231     8.768
     0.420   113.339    12.241     8.783
     0.419   113.329    12.252     8.798
     0.418   113.320    12.262     8.812
     0.417   113.310    12.273     8.825
     0.416   113.301    12.283     8.836
     0.415   113.291    12.293     8.848
     0.414   113.282    12.304     8.859
     0.413   113.273    12.314     8.872
     0.412   113.263    12.324     8.882
     0.411   113.254    12.335     8.894
     0.410   113.245    12.345     8.905
     0.409   113.235    12.355     8.916
     0.408   113.226    12.366     8.928
     0.408   113.217    12.376     8.938
     0.407   113.208    12.386     8.949
     0.406   113.198    12.396     8.961
     0.405   113.189    12.406     8.973
     0.404   113.180    12.416     8.986
     0.403   113.171    12.426     8.997
     0.402   113.162    12.436     9.009
     0.401   113.153    12.447     9.020
     0.400   113.144    12.457     9.030
     0.399   113.135    12.467     9.042
     0.398   113.126    12.477     9.054
     0.397   113.117    12.486     9.066
     0.396   113.108    12.496     9.078
     0.395   113.099    12.506     9.089
     0.394   113.090    12.516     9.101
     0.393   113.081    12.526     9.115
     0.392   113.072    12.536     9.126
     0.391   113.063    12.546     9.137
     0.390   113.054    12.555     9.148
     0.390   113.045    12.565     9.160
     0.389   113.037    12.575     9.172
     0.388   113.028    12.585     9.183
     0.387   113.019    12.594     9.194
     0.386   113.010    12.604     9.206
     0.385   113.002    12.614     9.220
     0.384   112.993    12.623     9.231
     0.383   112.984    12.633     9.242
     0.382   112.976    12.642     9.254
     0.381   112.967    12.652     9.265
     0.380   112.958    12.661     9.275
     0.379   112.950    12.671     9.288
     0.378   112.941    12.680     9.301
     0.378   112.933    12.690     9.312
     0.377   112.924    12.699     9.322
     0.376   112.916    12.709     9.335
     0.375   112.907    12.718     9.347
     0.374   112.899    12.727     9.358
     0.373   112.890    12.737     9.369
     0.372   112.882    12.746     9.380
     0.371   112.873    12.755     9.392
     0.370   112.865    12.765     9.403
     0.369   112.857    12.774     9.416
     0.369   112.848    12.783     9.426
     0.368   112.840    12.792     9.450
     0.367   112.832    12.802     9.462
     0.366   112.823    12.811     9.475
     0.365   112.815    12.820     9.487
     0.364   112.807    12.829     9.498
     0.363   112.799    12.838     9.510
     0.362   112.791    12.847     9.523
     0.361   112.782    12.856     9.533
     0.361   112.774    12.865     9.545
     0.360   112.766    12.874     9.557
     0.359   112.758    12.883     9.569
     0.358   112.750    12.892     9.580
     0.357   112.742    12.901     9.593
     0.356   112.734    12.910     9.604
     0.355   112.726    12.919     9.614
     0.354   112.718    12.928     9.626
     0.354   112.710    12.937     9.639
     0.353   112.702    12.946     9.649
     0.352   112.694    12.954     9.662
     0.351   112.686    12.963     9.673
     0.350   112.678    12.972     9.684
     0.349   112.670    12.981     9.758
     0.348   112.662    12.989     9.773
     0.347   112.654    12.998     9.784
     0.347   112.647    13.007     9.797
     0.346   112.639    13.015     9.807
     0.345   112.631    13.024     9.820
     0.344   112.623    13.033     9.833
     0.343   112.616    13.041     9.844
     0.342   112.608    13.050     9.854
     0.342   112.600    13.058     9.866
     0.341   112.592    13.067     9.879
     0.340   112.585    13.075     9.889
     0.339   112.577    13.084     9.901
     0.338   112.569    13.092     9.915
     0.337   112.562    13.101     9.926
     0.336   112.554    13.109     9.936
     0.336   112.547    13.118     9.947
     0.335   112.539    13.126     9.960
     0.334   112.532    13.134     9.972
     0.333   112.524    13.143     9.983
     0.332   112.517    13.151     9.996
     0.331   112.509    13.159    10.007
     0.331   112.502    13.168    10.019
     0.330   112.494    13.176    10.032
     0.329   112.487    13.184    10.043
     0.328   112.479    13.192    10.055
     0.327   112.472    13.201    10.066
     0.327   112.465    13.209    10.078
     0.326   112.457    13.217    10.091
     0.325   112.450    13.225    10.102
     0.324   112.443    13.233    10.113
     0.323   112.436    13.241    10.126
     0.322   112.428    13.249    10.138
     0.322   112.421    13.257    10.151
     0.321   112.414    13.265    10.161
     0.320   112.407    13.273    10.172
     0.319   112.399    13.281    10.184
     0.318   112.392    13.289    10.196
     0.318   112.385    13.297    10.209
     0.317   112.378    13.305    10.219
     0.316   112.371    13.313    10.230
     0.315   112.364    13.321    10.242
     0.314   112.357    13.329    10.254
     0.314   112.350    13.337    10.266
     0.313   112.343    13.345    10.279
     0.312   112.336    13.353    10.292
     0.311   112.328    13.360    10.303
     0.310   112.321    13.368    10.315
     0.310   112.315    13.376    10.328
     0.309   112.308    13.384    10.340
     0.308   112.301    13.391    10.352
     0.307   112.294    13.399    10.364
     0.307   112.287    13.407    10.377
     0.306   112.280    13.414    10.388
     0.305   112.273    13.422    10.400
     0.304   112.266    13.430    10.413
     0.303   112.259    13.437    10.424
     0.303   112.253    13.445    10.436
     0.302   112.246    13.452    10.448
     0.301   112.239    13.460    10.460
     0.300   112.232    13.467    10.472
     0.300   112.226    13.475    10.485
     0.299   112.219    13.482    10.496
     0.298   112.212    13.490    10.509
     0.297   112.205    13.497    10.520
     0.297   112.199    13.505    10.533
     0.296   112.192    13.512    10.544
     0.295   112.186    13.520    10.555
     0.294   112.179    13.527    10.568
     0.293   112.172    13.534    10.580
     0.293   112.166    13.542    10.592
     0.292   112.159    13.549    10.604
     0.291   112.153    13.556    10.616
     0.290   112.146    13.563    10.628
     0.290   112.140    13.571    10.640
     0.289   112.133    13.578    10.652
     0.288   112.127    13.585    10.664
     0.288   112.120    13.592    10.677
     0.287   112.114    13.600    10.690
     0.286   112.107    13.607    10.719
     0.285   112.101    13.614    10.734
     0.285   112.094    13.621    10.747
     0.284   112.088    13.628    10.758
     0.283   112.082    13.635    10.770
     0.282   112.075    13.642    10.782
     0.282   112.069    13.649    10.794
     0.281   112.063    13.656    10.807
     0.280   112.056    13.663    10.819
     0.279   112.050    13.670    10.831
     0.279   112.044    13.677    10.844
     0.278   112.038    13.684    10.856
     0.277   112.031    13.691    10.866
     0.277   112.025    13.698    10.878
     0.276   112.019    13.705    10.891
     0.275   112.013    13.712    10.903
     0.274   112.007    13.719    10.914
     0.274   112.001    13.726    10.925
     0.273   111.994    13.733    10.937
     0.272   111.988    13.739    10.950
     0.272   111.982    13.746    10.961
     0.271   111.976    13.753    10.974
     0.270   111.970    13.760    10.984
     0.269   111.964    13.766    10.995
     0.269   111.958    13.773    11.007
     0.268   111.952    13.780    11.020
     0.267   111.946    13.787    11.032
     0.267   111.940    13.793    11.043
     0.266   111.934    13.800    11.055
     0.265   111.928    13.807    11.067
     0.265   111.922    13.813    11.078
     0.264   111.916    13.820    11.089
     0.263   111.910    13.826    11.100
     0.263   111.904    13.833    11.113
     0.262   111.899    13.840    11.124
     0.261   111.893    13.846    11.136
     0.260   111.887    13.853    11.147
     0.260   111.881    13.859    11.159
     0.259   111.875    13.866    11.171
     0.258   111.870    13.872    11.183
     0.258   111.864    13.879    11.195
     0.257   111.858    13.885    11.208
     0.256   111.852    13.891    11.219
     0.256   111.847    13.898    11.230
     0.255   111.841    13.904    11.242
     0.254   111.835    13.911    11.254
     0.254   111.829    13.917    11.266
     0.253   111.824    13.923    11.279
     0.252   111.818    13.930    11.290
     0.252   111.812    13.936    11.303
     0.251   111.807    13.942    11.316
     0.250   111.801    13.948    11.329
     0.250   111.796    13.955    11.343
     0.249   111.790    13.961    11.353
     0.248   111.785    13.967    11.365
     0.248   111.779    13.973    11.378
     0.247   111.773    13.980    11.389
     0.246   111.768    13.986    11.402
     0.246   111.762    13.992    11.415
     0.245   111.757    13.998    11.428
     0.244   111.751    14.004    11.439
     0.244   111.746    14.010    11.451
     0.243   111.741    14.016    11.464
     0.243   111.735    14.022    11.476
     0.242   111.730    14.029    11.489
     0.241   111.724    14.035    11.500
     0.241   111.719    14.041    11.513
     0.240   111.714    14.047    11.524
     0.239   111.708    14.053    11.537
     0.239   111.703    14.059    11.550
     0.238   111.697    14.065    11.564
     0.237   111.692    14.070    11.575
     0.237   111.687    14.076    11.586
     0.236   111.682    14.082    11.598
     0.236   111.676    14.088    11.610
     0.235   111.671    14.094    11.622
     0.234   111.666    14.100    11.635
     0.234   111.661    14.106    11.648
     0.233   111.655    14.112    11.660
     0.232   111.650    14.118    11.671
     0.232   111.645    14.123    11.684
     0.231   111.640    14.129    11.694
     0.231   111.635    14.135    11.707
     0.230   111.630    14.141    11.720
     0.229   111.624    14.146    11.734
     0.229   111.619    14.152    11.745
     0.228   111.614    14.158    11.756
     0.228   111.609    14.164    11.766
     0.227   111.604    14.169    11.778
     0.226   111.599    14.175    11.788
     0.226   111.594    14.181    11.800
     0.225   111.589    14.186    11.813
     0.224   111.584    14.192    11.824
     0.224   111.579    14.197    11.838
     0.223   111.574    14.203    11.850
     0.223   111.569    14.209    11.862
     0.222   111.564    14.214    11.875
     0.221   111.559    14.220    11.886
     0.221   111.554    14.225    11.898
     0.220   111.549    14.231    11.910
     0.220   111.544    14.236    11.933
     0.219   111.539    14.242    11.946
     0.219   111.534    14.247    11.957
     0.218   111.530    14.253    11.969
     0.217   111.525    14.258    11.981
     0.217   111.520    14.264    11.995
     0.216   111.515    14.269    12.007
     0.216   111.510    14.274    12.019
     0.215   111.505    14.280    12.031
     0.214   111.501    14.285    12.043
     0.214   111.496    14.290    12.056
     0.213   111.491    14.296    12.067
     0.213   111.486    14.301    12.081
     0.212   111.482    14.306    12.093
     0.212   111.477    14.312    12.107
     0.211   111.472    14.317    12.118
     0.210   111.467    14.322    12.130
     0.210   111.463    14.328    12.141
     0.209   111.458    14.333    12.153
     0.209   111.453    14.338    12.165
     0.208   111.449    14.343    12.178
     0.208   111.444    14.348    12.189
     0.207   111.439    14.354    12.201
     0.206   111.435    14.359    12.213
     0.206   111.430    14.364    12.224
     0.205   111.426    14.369    12.235
     0.205   111.421    14.374    12.248
     0.204   111.417    14.379    12.259
     0.204   111.412    14.384    12.273
     0.203   111.407    14.390    12.285
     0.203   111.403    14.395    12.296
     0.202   111.398    14.400    12.308
     0.201   111.394    14.405    12.320
     0.201   111.389    14.410    12.333
     0.200   111.385    14.415    12.344
     0.200   111.381    14.420    12.358
     0.199   111.376    14.425    12.370
     0.199   111.372    14.430    12.384
     0.198   111.367    14.435    12.394
     0.198   111.363    14.440    12.406
     0.197   111.358    14.445    12.417
     0.197   111.354    14.450    12.429
     0.196   111.350    14.454    12.441
     0.196   111.345    14.459    12.453
     0.195   111.341    14.464    12.465
     0.194   111.337    14.469    12.477
     0.194   111.332    14.474    12.489
     0.193   111.328    14.479    12.500
     0.193   111.324    14.484    12.512
     0.192   111.319    14.488    12.524
     0.192   111.315    14.493    12.535
     0.191   111.311    14.498    12.548
     0.191   111.307    14.503    12.560
     0.190   111.302    14.508    12.572
     0.190   111.298    14.512    12.584
     0.189   111.294    14.517    12.596
     0.189   111.290    14.522    12.607
     0.188   111.285    14.527    12.619
     0.188   111.281    14.531    12.631
     0.187   111.277    14.536    12.642
     0.187   111.273    14.541    12.654
     0.186   111.269    14.545    12.666
     0.186   111.265    14.550    12.679
     0.185   111.260    14.555    12.691
     0.185   111.256    14.559    12.704
     0.184   111.252    14.564    12.716
     0.184   111.248    14.568    12.728
     0.183   111.244    14.573    12.742
     0.183   111.240    14.578    12.752
     0.182   111.236    14.582    12.764
     0.182   111.232    14.587    12.777
     0.181   111.228    14.591    12.791
     0.181   111.224    14.596    12.803
     0.180   111.220    14.600    12.817
     0.180   111.216    14.605    12.830
     0.179   111.212    14.609    12.846
     0.179   111.208    14.614    12.862
     0.178   111.204    14.618    12.877
     0.178   111.200    14.623    12.893
     0.177   111.196    14.627    12.908
     0.177   111.192    14.631    12.923
     0.176   111.188    14.636    12.939
     0.176   111.184    14.640    12.956
     0.175   111.180    14.645    12.971
     0.175   111.176    14.649    12.987
     0.174   111.173    14.653    13.002
     0.174   111.169    14.658    13.019
     0.173   111.165    14.662    13.037
     0.173   111.161    14.666    13.052
     0.172   111.157    14.671    13.068
     0.172   111.153    14.675    13.085
     0.171   111.149    14.679    13.100
     0.171   111.146    14.684    13.116
     0.170   111.142    14.688    13.131
     0.170   111.138    14.692    13.147
     0.169   111.134    14.696    13.163
     0.169   111.131    14.701    13.179
     0.168   111.127    14.705    13.194
     0.168   111.123    14.709    13.212
     0.168   111.119    14.713    13.227
     0.167   111.116    14.717    13.254
