     1.000   125.000    62.500     0.000
     1.000   124.950    62.550     0.070
     1.000   124.900    62.600     0.078
     1.000   124.850    62.650     0.085
     1.000   124.800    62.700     0.091
     1.000   124.750    62.750     0.096
     1.000   124.700    62.800     0.100
     1.000   124.650    62.850     0.105
     0.999   124.601    62.900     0.109
     0.999   124.551    62.950     0.114
     0.999   124.501    63.000     0.118
     0.999   124.451    63.050     0.122
     0.999   124.402    63.100     0.127
     0.998   124.352    63.150     0.131
     0.998   124.302    63.200     0.136
     0.998   124.253    63.249     0.140
     0.998   124.203    63.299     0.145
     0.997   124.154    63.349     0.149
     0.997   124.104    63.399     0.154
     0.996   124.055    63.449     0.159
     0.996   124.005    63.499     0.166
     0.996   123.956    63.549     0.171
     0.995   123.906    63.598     0.175
     0.995   123.857    63.648     0.181
     0.994   123.808    63.698     0.186
     0.994   123.758    63.748     0.193
     0.993   123.709    63.797     0.198
     0.993   123.660    63.847     0.205
     0.992   123.611    63.897     0.211
     0.992   123.562    63.946     0.215
     0.991   123.513    63.996     0.220
     0.991   123.464    64.045     0.245
     0.990   123.415    64.095     0.249
     0.989   123.366    64.144     0.254
     0.989   123.317    64.194     0.260
     0.988   123.269    64.243     0.266
     0.987   123.220    64.293     0.270
     0.987   123.171    64.342     0.275
     0.986   123.123    64.391     0.282
     0.985   123.074    64.441     0.286
     0.984   123.026    64.490     0.291
     0.984   122.977    64.539     0.296
     0.983   122.929    64.588     0.300
     0.982   122.881    64.637     0.305
     0.981   122.832    64.686     0.310
     0.980   122.784    64.735     0.317
     0.979   122.736    64.784     0.322
     0.979   122.688    64.833     0.328
     0.978   122.640    64.882     0.331
     0.977   122.592    64.931     0.337
     0.976   122.544    64.980     0.342
     0.975   122.496    65.029     0.345
     0.974   122.449    65.078     0.350
     0.973   122.401    65.126     0.358
     0.972   122.353    65.175     0.361
     0.971   122.306    65.223     0.366
     0.970   122.258    65.272     0.371
     0.969   122.211    65.320     0.374
     0.968   122.163    65.369     0.379
     0.966   122.116    65.417     0.384
     0.965   122.069    65.466     0.388
     0.964   122.022    65.514     0.393
     0.963   121.975    65.562     0.398
     0.962   121.928    65.610     0.402
     0.961   121.881    65.658     0.407
     0.960   121.834    65.706     0.414
     0.958   121.787    65.754     0.418
     0.957   121.741    65.802     0.422
     0.956   121.694    65.850     0.427
     0.955   121.648    65.898     0.431
     0.953   121.601    65.945     0.436
     0.952   121.555    65.993     0.440
     0.951   121.509    66.041     0.445
     0.949   121.462    66.088     0.450
     0.948   121.416    66.136     0.455
     0.947   121.370    66.183     0.459
     0.945   121.324    66.230     0.464
     0.944   121.279    66.278     0.468
     0.942   121.233    66.325     0.473
     0.941   121.187    66.372     0.478
     0.940   121.141    66.419     0.483
     0.938   121.096    66.466     0.490
     0.937   121.051    66.513     0.496
     0.935   121.005    66.560     0.501
     0.934   120.960    66.606     0.505
     0.932   120.915    66.653     0.510
     0.931   120.870    66.700     0.517
     0.929   120.825    66.746     0.521
     0.928   120.780    66.793     0.526
     0.926   120.735    66.839     0.530
     0.924   120.690    66.885     0.534
     0.923   120.646    66.931     0.539
     0.921   120.601    66.977     0.544
     0.920   120.557    67.024     0.548
     0.918   120.513    67.069     0.553
     0.916   120.468    67.115     0.559
     0.915   120.424    67.161     0.564
     0.913   120.380    67.207     0.569
     0.911   120.336    67.252     0.573
     0.910   120.292    67.298     0.577
     0.908   120.249    67.343     0.586
     0.906   120.205    67.389     0.593
     0.904   120.162    67.434     0.597
     0.903   120.118    67.479     0.601
     0.901   120.075    67.524     0.607
     0.899   120.031    67.569     0.613
     0.897   119.988    67.614     0.620
     0.895   119.945    67.659     0.626
     0.894   119.902    67.704     0.630
     0.892   119.860    67.749     0.634
     0.890   119.817    67.793     0.639
     0.888   119.774    67.838     0.646
     0.886   119.732    67.882     0.650
     0.884   119.689    67.926     0.655
     0.883   119.647    67.970     0.659
     0.881   119.605    68.015     0.663
     0.879   119.563    68.059     0.667
     0.877   119.521    68.103     0.672
     0.875   119.479    68.146     0.676
     0.873   119.437    68.190     0.681
     0.871   119.395    68.234     0.685
     0.869   119.354    68.277     0.690
     0.867   119.312    68.321     0.695
     0.865   119.271    68.364     0.699
     0.863   119.230    68.407     0.703
     0.861   119.188    68.450     0.707
     0.859   119.147    68.493     0.712
     0.857   119.107    68.536     0.717
     0.855   119.066    68.579     0.721
     0.853   119.025    68.622     0.726
     0.851   118.984    68.664     0.730
     0.849   118.944    68.707     0.735
     0.847   118.904    68.749     0.740
     0.845   118.863    68.792     0.744
     0.843   118.823    68.834     0.749
     0.841   118.783    68.876     0.754
     0.839   118.743    68.918     0.758
     0.836   118.703    68.960     0.763
     0.834   118.664    69.002     0.768
     0.832   118.624    69.043     0.772
     0.830   118.585    69.085     0.777
     0.828   118.545    69.127     0.781
     0.826   118.506    69.168     0.785
     0.824   118.467    69.209     0.790
     0.822   118.428    69.250     0.794
     0.819   118.389    69.291     0.799
     0.817   118.350    69.332     0.803
     0.815   118.312    69.373     0.808
     0.813   118.273    69.414     0.812
     0.811   118.235    69.454     0.818
     0.808   118.196    69.495     0.822
     0.806   118.158    69.535     0.826
     0.804   118.120    69.576     0.833
     0.802   118.082    69.616     0.840
     0.800   118.044    69.656     0.844
     0.797   118.007    69.696     0.848
     0.795   117.969    69.736     0.852
     0.793   117.932    69.775     0.858
     0.791   117.894    69.815     0.862
     0.788   117.857    69.855     0.866
     0.786   117.820    69.894     0.871
     0.784   117.783    69.933     0.875
     0.782   117.746    69.972     0.879
     0.779   117.709    70.011     0.884
     0.777   117.672    70.050     0.888
     0.775   117.636    70.089     0.892
     0.773   117.599    70.128     0.897
     0.770   117.563    70.167     0.902
     0.768   117.527    70.205     0.906
     0.766   117.491    70.243     0.911
     0.763   117.455    70.282     0.916
     0.761   117.419    70.320     0.920
     0.759   117.383    70.358     0.925
     0.756   117.348    70.396     0.930
     0.754   117.312    70.433     0.934
     0.752   117.277    70.471     0.940
     0.750   117.242    70.509     0.944
     0.747   117.207    70.546     0.948
     0.745   117.172    70.584     0.953
     0.743   117.137    70.621     0.958
     0.740   117.102    70.658     0.961
     0.738   117.067    70.695     0.966
     0.735   117.033    70.732     0.970
     0.733   116.998    70.768     0.974
     0.731   116.964    70.805     0.979
     0.728   116.930    70.842     0.984
     0.726   116.896    70.878     0.988
     0.724   116.862    70.914     0.994
     0.721   116.828    70.950     0.999
     0.719   116.794    70.986     1.003
     0.717   116.761    71.022     1.008
     0.714   116.727    71.058     1.015
     0.712   116.694    71.094     1.019
     0.710   116.661    71.129     1.023
     0.707   116.628    71.165     1.028
     0.705   116.595    71.200     1.032
     0.702   116.562    71.235     1.037
     0.700   116.529    71.270     1.042
     0.698   116.497    71.305     1.046
     0.695   116.464    71.340     1.051
     0.693   116.432    71.375     1.058
     0.691   116.400    71.410     1.063
     0.688   116.368    71.444     1.070
     0.686   116.335    71.479     1.076
     0.683   116.304    71.513     1.080
     0.681   116.272    71.547     1.084
     0.679   116.240    71.581     1.089
     0.676   116.209    71.615     1.097
     0.674   116.177    71.649     1.102
     0.672   116.146    71.682     1.106
     0.669   116.115    71.716     1.111
     0.667   116.084    71.749     1.116
     0.664   116.053    71.783     1.121
     0.662   116.022    71.816     1.125
     0.660   115.991    71.849     1.130
     0.657   115.961    71.882     1.134
     0.655   115.930    71.915     1.139
     0.653   115.900    71.947     1.143
     0.650   115.870    71.980     1.150
     0.648   115.840    72.012     1.156
     0.645   115.810    72.045     1.161
     0.643   115.780    72.077     1.168
     0.641   115.750    72.109     1.173
     0.638   115.720    72.141     1.177
     0.636   115.691    72.173     1.181
     0.634   115.661    72.205     1.186
     0.631   115.632    72.237     1.191
     0.629   115.603    72.268     1.195
     0.626   115.574    72.299     1.200
     0.624   115.545    72.331     1.205
     0.622   115.516    72.362     1.209
     0.619   115.488    72.393     1.214
     0.617   115.459    72.424     1.218
     0.615   115.430    72.455     1.222
     0.612   115.402    72.485     1.227
     0.610   115.374    72.516     1.232
     0.608   115.346    72.547     1.236
     0.605   115.318    72.577     1.241
     0.603   115.290    72.607     1.246
     0.601   115.262    72.637     1.250
     0.598   115.234    72.667     1.255
     0.596   115.207    72.697     1.260
     0.594   115.179    72.727     1.264
     0.591   115.152    72.757     1.269
     0.589   115.125    72.786     1.273
     0.587   115.098    72.815     1.278
     0.584   115.071    72.845     1.282
     0.582   115.044    72.874     1.287
     0.580   115.017    72.903     1.291
     0.577   114.991    72.932     1.295
     0.575   114.964    72.961     1.300
     0.573   114.938    72.990     1.304
     0.570   114.911    73.018     1.308
     0.568   114.885    73.047     1.313
     0.566   114.859    73.075     1.317
     0.564   114.833    73.103     1.322
     0.561   114.807    73.131     1.326
     0.559   114.781    73.159     1.330
     0.557   114.756    73.187     1.335
     0.554   114.730    73.215     1.340
     0.552   114.705    73.243     1.345
     0.550   114.680    73.270     1.352
     0.548   114.654    73.298     1.356
     0.545   114.629    73.325     1.361
     0.543   114.604    73.353     1.366
     0.541   114.579    73.380     1.370
     0.539   114.555    73.407     1.374
     0.536   114.530    73.434     1.378
     0.534   114.506    73.460     1.383
     0.532   114.481    73.487     1.388
     0.530   114.457    73.514     1.392
     0.527   114.433    73.540     1.397
     0.525   114.408    73.566     1.404
     0.523   114.384    73.593     1.408
     0.521   114.361    73.619     1.413
     0.518   114.337    73.645     1.417
     0.516   114.313    73.671     1.421
     0.514   114.289    73.696     1.426
     0.512   114.266    73.722     1.432
     0.510   114.243    73.748     1.436
     0.507   114.219    73.773     1.441
     0.505   114.196    73.798     1.446
     0.503   114.173    73.824     1.453
     0.501   114.150    73.849     1.460
     0.499   114.127    73.874     1.464
     0.497   114.105    73.899     1.469
     0.494   114.082    73.924     1.473
     0.492   114.059    73.948     1.478
     0.490   114.037    73.973     1.482
     0.488   114.015    73.997     1.487
     0.486   113.992    74.022     1.492
     0.484   113.970    74.046     1.496
     0.482   113.948    74.070     1.501
     0.479   113.926    74.094     1.506
     0.477   113.905    74.118     1.510
     0.475   113.883    74.142     1.515
     0.473   113.861    74.166     1.522
     0.471   113.840    74.189     1.533
     0.469   113.818    74.213     1.537
     0.467   113.797    74.236     1.541
     0.465   113.776    74.259     1.549
     0.463   113.755    74.283     1.555
     0.460   113.734    74.306     1.560
     0.458   113.713    74.329     1.564
     0.456   113.692    74.352     1.569
     0.454   113.671    74.374     1.576
     0.452   113.650    74.397     1.580
     0.450   113.630    74.420     1.585
     0.448   113.610    74.442     1.589
     0.446   113.589    74.465     1.593
     0.444   113.569    74.487     1.598
     0.442   113.549    74.509     1.602
     0.440   113.529    74.531     1.607
     0.438   113.509    74.553     1.612
     0.436   113.489    74.575     1.617
     0.434   113.469    74.597     1.621
     0.432   113.449    74.618     1.626
     0.430   113.430    74.640     1.630
     0.428   113.410    74.662     1.637
     0.426   113.391    74.683     1.644
     0.424   113.372    74.704     1.649
     0.422   113.352    74.725     1.652
     0.420   113.333    74.746     1.658
     0.418   113.314    74.767     1.662
     0.416   113.295    74.788     1.667
     0.414   113.277    74.809     1.672
     0.412   113.258    74.830     1.677
     0.410   113.239    74.850     1.683
     0.408   113.221    74.871     1.691
     0.407   113.202    74.891     1.695
     0.405   113.184    74.912     1.699
     0.403   113.165    74.932     1.703
     0.401   113.147    74.952     1.708
     0.399   113.129    74.972     1.712
     0.397   113.111    74.992     1.716
     0.395   113.093    75.012     1.721
     0.393   113.075    75.031     1.726
     0.391   113.058    75.051     1.733
     0.389   113.040    75.071     1.739
     0.388   113.022    75.090     1.744
     0.386   113.005    75.109     1.749
     0.384   112.987    75.129     1.754
     0.382   112.970    75.148     1.759
     0.380   112.953    75.167     1.763
     0.378   112.936    75.186     1.768
     0.377   112.919    75.205     1.772
     0.375   112.902    75.223     1.779
     0.373   112.885    75.242     1.786
     0.371   112.868    75.261     1.791
     0.369   112.851    75.279     1.794
     0.368   112.834    75.298     1.799
     0.366   112.818    75.316     1.804
     0.364   112.801    75.334     1.808
     0.362   112.785    75.353     1.813
     0.360   112.769    75.371     1.819
     0.359   112.752    75.389     1.825
     0.357   112.736    75.407     1.832
     0.355   112.720    75.424     1.837
     0.353   112.704    75.442     1.840
     0.352   112.688    75.460     1.845
     0.350   112.672    75.477     1.850
     0.348   112.657    75.495     1.854
     0.347   112.641    75.512     1.859
     0.345   112.625    75.530     1.864
     0.343   112.610    75.547     1.871
     0.341   112.595    75.564     1.877
     0.340   112.579    75.581     1.881
     0.338   112.564    75.598     1.886
     0.336   112.549    75.615     1.891
     0.335   112.534    75.632     1.895
     0.333   112.519    75.648     1.903
     0.331   112.504    75.665     1.908
     0.330   112.489    75.681     1.913
     0.328   112.474    75.698     1.917
     0.326   112.459    75.714     1.922
     0.325   112.444    75.731     1.927
     0.323   112.430    75.747     1.934
     0.322   112.415    75.763     1.941
     0.320   112.401    75.779     1.945
     0.318   112.387    75.795     1.950
     0.317   112.372    75.811     1.955
     0.315   112.358    75.827     1.960
     0.313   112.344    75.842     1.964
     0.312   112.330    75.858     1.969
     0.310   112.316    75.874     1.973
     0.309   112.302    75.889     1.980
     0.307   112.288    75.905     1.987
     0.306   112.274    75.920     1.992
     0.304   112.261    75.935     1.996
     0.303   112.247    75.950     2.000
     0.301   112.233    75.965     2.005
     0.299   112.220    75.981     2.010
     0.298   112.206    75.995     2.015
     0.296   112.193    76.010     2.021
     0.295   112.180    76.025     2.026
     0.293   112.167    76.040     2.031
     0.292   112.153    76.055     2.035
     0.290   112.140    76.069     2.039
     0.289   112.127    76.084     2.044
     0.287   112.114    76.098     2.048
     0.286   112.102    76.112     2.056
     0.284   112.089    76.127     2.060
     0.283   112.076    76.141     2.064
     0.282   112.063    76.155     2.069
     0.280   112.051    76.169     2.073
     0.279   112.038    76.183     2.077
     0.277   112.026    76.197     2.082
     0.276   112.013    76.211     2.087
     0.274   112.001    76.225     2.091
     0.273   111.989    76.238     2.096
     0.271   111.977    76.252     2.101
     0.270   111.964    76.265     2.105
     0.269   111.952    76.279     2.110
     0.267   111.940    76.292     2.115
     0.266   111.928    76.306     2.119
     0.264   111.916    76.319     2.124
     0.263   111.905    76.332     2.129
     0.262   111.893    76.345     2.133
     0.260   111.881    76.358     2.138
     0.259   111.870    76.371     2.143
     0.258   111.858    76.384     2.147
     0.256   111.846    76.397     2.152
     0.255   111.835    76.410     2.159
     0.254   111.824    76.423     2.163
     0.252   111.812    76.435     2.168
     0.251   111.801    76.448     2.172
     0.250   111.790    76.460     2.177
     0.248   111.779    76.473     2.181
     0.247   111.768    76.485     2.186
     0.246   111.757    76.498     2.190
     0.244   111.746    76.510     2.194
     0.243   111.735    76.522     2.200
     0.242   111.724    76.534     2.204
     0.240   111.713    76.546     2.209
     0.239   111.702    76.558     2.213
     0.238   111.692    76.570     2.218
     0.237   111.681    76.582     2.221
     0.235   111.670    76.594     2.226
     0.234   111.660    76.606     2.231
     0.233   111.650    76.617     2.235
     0.232   111.639    76.629     2.240
     0.230   111.629    76.641     2.244
     0.229   111.619    76.652     2.248
     0.228   111.608    76.664     2.253
     0.227   111.598    76.675     2.258
     0.226   111.588    76.686     2.261
     0.224   111.578    76.698     2.266
     0.223   111.568    76.709     2.271
     0.222   111.558    76.720     2.275
     0.221   111.548    76.731     2.280
     0.220   111.538    76.742     2.287
     0.218   111.529    76.753     2.291
     0.217   111.519    76.764     2.296
     0.216   111.509    76.775     2.300
     0.215   111.500    76.785     2.304
     0.214   111.490    76.796     2.309
     0.213   111.480    76.807     2.314
     0.211   111.471    76.817     2.318
     0.210   111.462    76.828     2.323
     0.209   111.452    76.839     2.327
     0.208   111.443    76.849     2.331
     0.207   111.434    76.859     2.336
     0.206   111.424    76.870     2.341
     0.205   111.415    76.880     2.345
     0.204   111.406    76.890     2.350
     0.202   111.397    76.900     2.355
     0.201   111.388    76.910     2.359
     0.200   111.379    76.921     2.363
     0.199   111.370    76.931     2.368
     0.198   111.361    76.940     2.372
     0.197   111.353    76.950     2.376
     0.196   111.344    76.960     2.382
     0.195   111.335    76.970     2.386
     0.194   111.326    76.980     2.391
     0.193   111.318    76.989     2.396
     0.192   111.309    76.999     2.400
     0.191   111.301    77.009     2.405
     0.190   111.292    77.018     2.410
     0.189   111.284    77.028     2.414
     0.187   111.276    77.037     2.419
     0.186   111.267    77.046     2.426
     0.185   111.259    77.056     2.430
     0.184   111.251    77.065     2.435
     0.183   111.242    77.074     2.439
     0.182   111.234    77.083     2.443
     0.181   111.226    77.092     2.448
     0.180   111.218    77.101     2.453
     0.179   111.210    77.110     2.457
     0.178   111.202    77.119     2.461
     0.177   111.194    77.128     2.468
     0.176   111.186    77.137     2.472
     0.175   111.178    77.146     2.477
     0.174   111.171    77.155     2.481
     0.174   111.163    77.163     2.485
     0.173   111.155    77.172     2.490
     0.172   111.148    77.181     2.495
     0.171   111.140    77.189     2.499
     0.170   111.132    77.198     2.504
     0.169   111.125    77.206     2.509
     0.168   111.117    77.215     2.513
     0.167   111.110    77.223     2.520
     0.166   111.103    77.231     2.525
     0.165   111.095    77.240     2.532
     0.164   111.088    77.248     2.538
     0.163   111.081    77.256     2.542
     0.162   111.073    77.264     2.546
     0.161   111.066    77.272     2.551
     0.161   111.059    77.280     2.555
     0.160   111.052    77.288     2.559
     0.159   111.045    77.296     2.564
     0.158   111.038    77.304     2.569
     0.157   111.031    77.312     2.573
     0.156   111.024    77.320     2.577
     0.155   111.017    77.328     2.582
     0.154   111.010    77.336     2.586
     0.154   111.003    77.343     2.591
     0.153   110.996    77.351     2.596
     0.152   110.990    77.359     2.600
     0.151   110.983    77.366     2.605
     0.150   110.976    77.374     2.610
     0.149   110.969    77.381     2.613
     0.148   110.963    77.389     2.618
     0.148   110.956    77.396     2.623
     0.147   110.950    77.403     2.628
     0.146   110.943    77.411     2.632
     0.145   110.937    77.418     2.637
     0.144   110.930    77.425     2.644
     0.143   110.924    77.432     2.651
     0.143   110.918    77.440     2.655
     0.142   110.911    77.447     2.659
     0.141   110.905    77.454     2.663
     0.140   110.899    77.461     2.668
     0.139   110.892    77.468     2.672
     0.139   110.886    77.475     2.677
     0.138   110.880    77.482     2.682
     0.137   110.874    77.489     2.689
     0.136   110.868    77.495     2.696
     0.136   110.862    77.502     2.700
     0.135   110.856    77.509     2.704
     0.134   110.850    77.516     2.709
     0.133   110.844    77.523     2.714
     0.133   110.838    77.529     2.718
     0.132   110.832    77.536     2.723
     0.131   110.826    77.542     2.730
     0.130   110.821    77.549     2.734
     0.130   110.815    77.555     2.739
     0.129   110.809    77.562     2.743
     0.128   110.803    77.568     2.747
     0.127   110.798    77.575     2.751
     0.127   110.792    77.581     2.756
     0.126   110.786    77.587     2.760
     0.125   110.781    77.594     2.765
     0.125   110.775    77.600     2.770
     0.124   110.770    77.606     2.777
     0.123   110.764    77.612     2.784
     0.122   110.759    77.618     2.788
     0.122   110.754    77.625     2.792
     0.121   110.748    77.631     2.796
     0.120   110.743    77.637     2.800
     0.120   110.737    77.643     2.805
     0.119   110.732    77.649     2.809
     0.118   110.727    77.655     2.814
     0.118   110.722    77.661     2.819
     0.117   110.717    77.666     2.822
     0.116   110.711    77.672     2.827
     0.116   110.706    77.678     2.832
     0.115   110.701    77.684     2.837
     0.114   110.696    77.690     2.842
     0.114   110.691    77.695     2.849
     0.113   110.686    77.701     2.854
     0.112   110.681    77.707     2.859
     0.112   110.676    77.712     2.866
     0.111   110.671    77.718     2.871
     0.110   110.666    77.723     2.878
     0.110   110.661    77.729     2.882
     0.109   110.656    77.734     2.887
     0.109   110.652    77.740     2.891
     0.108   110.647    77.745     2.896
     0.107   110.642    77.751     2.903
     0.107   110.637    77.756     2.907
     0.106   110.633    77.761     2.912
     0.105   110.628    77.767     2.916
     0.105   110.623    77.772     2.920
     0.104   110.619    77.777     2.925
     0.104   110.614    77.782     2.930
     0.103   110.609    77.787     2.934
     0.102   110.605    77.793     2.938
     0.102   110.600    77.798     2.942
     0.101   110.596    77.803     2.947
     0.101   110.591    77.808     2.951
     0.100   110.587    77.813     2.955
     0.100   110.582    77.818     2.960
     0.099   110.578    77.823     2.965
     0.098   110.574    77.828     2.972
     0.098   110.569    77.833     2.977
     0.097   110.565    77.838     2.983
     0.097   110.561    77.843     2.990
     0.096   110.556    77.847     2.996
     0.096   110.552    77.852     3.001
     0.095   110.548    77.857     3.004
     0.095   110.544    77.862     3.011
     0.094   110.540    77.866     3.015
     0.093   110.535    77.871     3.020
     0.093   110.531    77.876     3.024
     0.092   110.527    77.880     3.027
     0.092   110.523    77.885     3.032
     0.091   110.519    77.890     3.036
     0.091   110.515    77.894     3.041
     0.090   110.511    77.899     3.045
     0.090   110.507    77.903     3.050
     0.089   110.503    77.908     3.055
     0.089   110.499    77.912     3.059
     0.088   110.495    77.917     3.064
     0.088   110.491    77.921     3.071
     0.087   110.487    77.925     3.075
     0.087   110.484    77.930     3.079
     0.086   110.480    77.934     3.084
     0.086   110.476    77.938     3.088
     0.085   110.472    77.943     3.092
     0.085   110.468    77.947     3.096
     0.084   110.465    77.951     3.101
     0.084   110.461    77.955     3.105
     0.083   110.457    77.959     3.109
     0.083   110.454    77.964     3.115
     0.082   110.450    77.968     3.119
     0.082   110.446    77.972     3.126
     0.081   110.443    77.976     3.132
     0.081   110.439    77.980     3.137
     0.080   110.436    77.984     3.141
     0.080   110.432    77.988     3.145
     0.079   110.429    77.992     3.151
     0.079   110.425    77.996     3.157
     0.078   110.422    78.000     3.163
     0.078   110.418    78.004     3.168
     0.078   110.415    78.008     3.172
     0.077   110.411    78.012     3.177
     0.077   110.408    78.015     3.183
     0.076   110.405    78.019     3.189
     0.076   110.401    78.023     3.194
     0.075   110.398    78.027     3.199
     0.075   110.395    78.031     3.203
     0.074   110.391    78.034     3.208
     0.074   110.388    78.038     3.213
     0.074   110.385    78.042     3.216
     0.073   110.381    78.045     3.221
     0.073   110.378    78.049     3.227
     0.072   110.375    78.053     3.230
     0.072   110.372    78.056     3.235
     0.071   110.369    78.060     3.240
     0.071   110.365    78.063     3.244
     0.071   110.362    78.067     3.249
     0.070   110.359    78.071     3.255
     0.070   110.356    78.074     3.259
     0.069   110.353    78.078     3.264
     0.069   110.350    78.081     3.268
     0.069   110.347    78.084     3.273
     0.068   110.344    78.088     3.278
     0.068   110.341    78.091     3.285
     0.067   110.338    78.095     3.289
     0.067   110.335    78.098     3.294
     0.067   110.332    78.101     3.298
     0.066   110.329    78.105     3.302
     0.066   110.326    78.108     3.307
     0.065   110.323    78.111     3.312
     0.065   110.320    78.115     3.316
     0.065   110.318    78.118     3.321
     0.064   110.315    78.121     3.326
     0.064   110.312    78.124     3.330
     0.064   110.309    78.127     3.335
     0.063   110.306    78.131     3.342
     0.063   110.303    78.134     3.347
     0.062   110.301    78.137     3.351
     0.062   110.298    78.140     3.356
     0.062   110.295    78.143     3.361
     0.061   110.292    78.146     3.365
     0.061   110.290    78.149     3.370
     0.061   110.287    78.152     3.374
     0.060   110.284    78.155     3.379
     0.060   110.282    78.158     3.383
     0.060   110.279    78.161     3.387
     0.059   110.277    78.164     3.392
     0.059   110.274    78.167     3.397
     0.059   110.271    78.170     3.401
     0.058   110.269    78.173     3.406
     0.058   110.266    78.176     3.413
     0.057   110.264    78.179     3.417
     0.057   110.261    78.182     3.423
     0.057   110.259    78.185     3.427
     0.056   110.256    78.187     3.432
     0.056   110.254    78.190     3.436
     0.056   110.251    78.193     3.441
     0.055   110.249    78.196     3.448
     0.055   110.246    78.199     3.454
     0.055   110.244    78.201     3.459
     0.055   110.241    78.204     3.463
     0.054   110.239    78.207     3.468
     0.054   110.237    78.210     3.475
     0.054   110.234    78.212     3.482
     0.053   110.232    78.215     3.487
     0.053   110.230    78.218     3.492
     0.053   110.227    78.220     3.499
     0.052   110.225    78.223     3.504
     0.052   110.223    78.225     3.511
     0.052   110.220    78.228     3.517
     0.051   110.218    78.231     3.522
     0.051   110.216    78.233     3.529
     0.051   110.214    78.236     3.535
     0.050   110.211    78.238     3.540
     0.050   110.209    78.241     3.544
     0.050   110.207    78.243     3.549
     0.050   110.205    78.246     3.554
     0.049   110.202    78.248     3.558
     0.049   110.200    78.251     3.563
     0.049   110.198    78.253     3.568
     0.048   110.196    78.256     3.572
     0.048   110.194    78.258     3.577
     0.048   110.192    78.260     3.582
     0.048   110.190    78.263     3.586
     0.047   110.188    78.265     3.591
     0.047   110.185    78.268     3.596
     0.047   110.183    78.270     3.600
     0.046   110.181    78.272     3.605
     0.046   110.179    78.275     3.610
     0.046   110.177    78.277     3.615
     0.046   110.175    78.279     3.619
     0.045   110.173    78.281     3.624
     0.045   110.171    78.284     3.629
     0.045   110.169    78.286     3.633
     0.045   110.167    78.288     3.639
     0.044   110.165    78.290     3.643
     0.044   110.163    78.293     3.648
     0.044   110.161    78.295     3.653
     0.044   110.160    78.297     3.660
     0.043   110.158    78.299     3.668
     0.043   110.156    78.301     3.673
     0.043   110.154    78.303     3.677
     0.042   110.152    78.306     3.682
     0.042   110.150    78.308     3.686
     0.042   110.148    78.310     3.691
     0.042   110.146    78.312     3.695
     0.041   110.145    78.314     3.702
     0.041   110.143    78.316     3.706
     0.041   110.141    78.318     3.711
     0.041   110.139    78.320     3.715
     0.041   110.137    78.322     3.720
     0.040   110.136    78.324     3.724
     0.040   110.134    78.326     3.729
     0.040   110.132    78.328     3.734
     0.040   110.130    78.330     3.739
     0.039   110.128    78.332     3.744
     0.039   110.127    78.334     3.749
     0.039   110.125    78.336     3.754
     0.039   110.123    78.338     3.759
     0.038   110.122    78.340     3.764
     0.038   110.120    78.342     3.769
     0.038   110.118    78.344     3.774
     0.038   110.117    78.346     3.779
     0.037   110.115    78.348     3.783
     0.037   110.113    78.349     3.788
     0.037   110.112    78.351     3.793
     0.037   110.110    78.353     3.798
     0.037   110.108    78.355     3.803
     0.036   110.107    78.357     3.809
     0.036   110.105    78.359     3.814
     0.036   110.104    78.360     3.819
     0.036   110.102    78.362     3.823
     0.036   110.100    78.364     3.827
     0.035   110.099    78.366     3.832
     0.035   110.097    78.368     3.837
     0.035   110.096    78.369     3.841
     0.035   110.094    78.371     3.847
     0.034   110.093    78.373     3.852
     0.034   110.091    78.375     3.856
     0.034   110.090    78.376     3.861
     0.034   110.088    78.378     3.866
     0.034   110.087    78.380     3.871
     0.033   110.085    78.381     3.876
     0.033   110.084    78.383     3.881
     0.033   110.082    78.385     3.885
     0.033   110.081    78.386     3.890
     0.033   110.079    78.388     3.895
     0.032   110.078    78.390     3.900
     0.032   110.077    78.391     3.904
     0.032   110.075    78.393     3.909
     0.032   110.074    78.394     3.914
     0.032   110.072    78.396     3.919
     0.032   110.071    78.398     3.922
     0.031   110.070    78.399     3.927
     0.031   110.068    78.401     3.932
     0.031   110.067    78.402     3.936
     0.031   110.065    78.404     3.941
     0.031   110.064    78.405     3.946
     0.030   110.063    78.407     3.951
     0.030   110.061    78.408     3.955
     0.030   110.060    78.410     3.960
     0.030   110.059    78.411     3.965
     0.030   110.057    78.413     3.970
     0.030   110.056    78.414     3.974
     0.029   110.055    78.416     3.979
     0.029   110.054    78.417     3.986
     0.029   110.052    78.419     3.994
     0.029   110.051    78.420     4.001
     0.029   110.050    78.422     4.007
     0.028   110.048    78.423     4.012
     0.028   110.047    78.425     4.018
     0.028   110.046    78.426     4.022
     0.028   110.045    78.427     4.027
     0.028   110.043    78.429     4.034
     0.028   110.042    78.430     4.038
     0.027   110.041    78.432     4.045
     0.027   110.040    78.433     4.051
     0.027   110.039    78.434     4.056
     0.027   110.037    78.436     4.061
     0.027   110.036    78.437     4.065
     0.027   110.035    78.438     4.070
     0.027   110.034    78.440     4.075
     0.026   110.033    78.441     4.080
     0.026   110.032    78.442     4.085
     0.026   110.030    78.444     4.089
     0.026   110.029    78.445     4.094
     0.026   110.028    78.446     4.100
     0.026   110.027    78.447     4.105
     0.025   110.026    78.449     4.109
     0.025   110.025    78.450     4.114
     0.025   110.024    78.451     4.117
     0.025   110.023    78.453     4.122
     0.025   110.021    78.454     4.127
     0.025   110.020    78.455     4.142
     0.025   110.019    78.456     4.149
     0.024   110.018    78.457     4.155
     0.024   110.017    78.459     4.161
     0.024   110.016    78.460     4.166
     0.024   110.015    78.461     4.171
     0.024   110.014    78.462     4.176
     0.024   110.013    78.463     4.181
     0.024   110.012    78.465     4.187
     0.023   110.011    78.466     4.191
     0.023   110.010    78.467     4.195
     0.023   110.009    78.468     4.199
     0.023   110.008    78.469     4.204
     0.023   110.007    78.470     4.208
     0.023   110.006    78.472     4.213
     0.023   110.005    78.473     4.217
     0.022   110.004    78.474     4.221
     0.022   110.003    78.475     4.225
     0.022   110.002    78.476     4.229
     0.022   110.001    78.477     4.234
     0.022   110.000    78.478     4.239
     0.022   109.999    78.479     4.243
     0.022   109.998    78.480     4.247
     0.021   109.997    78.482     4.252
     0.021   109.996    78.483     4.256
     0.021   109.995    78.484     4.260
     0.021   109.994    78.485     4.265
     0.021   109.993    78.486     4.269
     0.021   109.992    78.487     4.273
     0.021   109.991    78.488     4.277
     0.021   109.991    78.489     4.282
     0.020   109.990    78.490     4.286
     0.020   109.989    78.491     4.290
     0.020   109.988    78.492     4.294
     0.020   109.987    78.493     4.298
     0.020   109.986    78.494     4.302
     0.020   109.985    78.495     4.307
     0.020   109.984    78.496     4.311
     0.020   109.983    78.497     4.316
     0.020   109.983    78.498     4.320
     0.019   109.982    78.499     4.325
     0.019   109.981    78.500     4.329
     0.019   109.980    78.501     4.333
     0.019   109.979    78.502     4.337
     0.019   109.978    78.503     4.342
     0.019   109.978    78.504     4.362
     0.019   109.977    78.505     4.366
     0.019   109.976    78.506     4.371
     0.018   109.975    78.506     4.375
     0.018   109.974    78.507     4.380
     0.018   109.973    78.508     4.385
     0.018   109.973    78.509     4.389
     0.018   109.972    78.510     4.393
     0.018   109.971    78.511     4.398
     0.018   109.970    78.512     4.402
     0.018   109.969    78.513     4.406
     0.018   109.969    78.514     4.411
     0.018   109.968    78.515     4.415
     0.017   109.967    78.515     4.419
     0.017   109.966    78.516     4.423
     0.017   109.966    78.517     4.428
     0.017   109.965    78.518     4.432
     0.017   109.964    78.519     4.437
     0.017   109.963    78.520     4.441
     0.017   109.963    78.521     4.445
     0.017   109.962    78.521     4.450
     0.017   109.961    78.522     4.454
     0.016   109.960    78.523     4.458
     0.016   109.960    78.524     4.463
     0.016   109.959    78.525     4.467
     0.016   109.958    78.526     4.472
     0.016   109.958    78.526     4.476
     0.016   109.957    78.527     4.480
     0.016   109.956    78.528     4.488
     0.016   109.955    78.529     4.493
     0.016   109.955    78.530     4.497
     0.016   109.954    78.530     4.501
     0.016   109.953    78.531     4.505
     0.015   109.953    78.532     4.510
     0.015   109.952    78.533     4.514
     0.015   109.951    78.533     4.518
     0.015   109.951    78.534     4.522
     0.015   109.950    78.535     4.527
     0.015   109.949    78.536     4.531
     0.015   109.949    78.536     4.536
     0.015   109.948    78.537     4.540
     0.015   109.947    78.538     4.545
     0.015   109.947    78.539     4.548
     0.015   109.946    78.539     4.553
     0.014   109.945    78.540     4.557
     0.014   109.945    78.541     4.562
     0.014   109.944    78.542     4.566
     0.014   109.944    78.542     4.570
     0.014   109.943    78.543     4.574
     0.014   109.942    78.544     4.579
     0.014   109.942    78.544     4.582
     0.014   109.941    78.545     4.587
     0.014   109.941    78.546     4.591
     0.014   109.940    78.546     4.596
     0.014   109.939    78.547     4.600
     0.014   109.939    78.548     4.605
     0.013   109.938    78.548     4.609
     0.013   109.938    78.549     4.613
     0.013   109.937    78.550     4.617
     0.013   109.936    78.550     4.622
     0.013   109.936    78.551     4.626
     0.013   109.935    78.552     4.631
     0.013   109.935    78.552     4.635
     0.013   109.934    78.553     4.640
     0.013   109.933    78.554     4.644
     0.013   109.933    78.554     4.648
     0.013   109.932    78.555     4.652
     0.013   109.932    78.556     4.657
     0.012   109.931    78.556     4.661
     0.012   109.931    78.557     4.665
     0.012   109.930    78.557     4.670
     0.012   109.930    78.558     4.674
     0.012   109.929    78.559     4.679
     0.012   109.929    78.559     4.683
     0.012   109.928    78.560     4.687
     0.012   109.927    78.561     4.691
     0.012   109.927    78.561     4.696
     0.012   109.926    78.562     4.701
     0.012   109.926    78.562     4.705
     0.012   109.925    78.563     4.709
     0.012   109.925    78.563     4.714
     0.012   109.924    78.564     4.718
     0.011   109.924    78.565     4.722
     0.011   109.923    78.565     4.726
     0.011   109.923    78.566     4.731
     0.011   109.922    78.566     4.735
     0.011   109.922    78.567     4.739
     0.011   109.921    78.567     4.744
     0.011   109.921    78.568     4.748
     0.011   109.920    78.569     4.753
     0.011   109.920    78.569     4.757
     0.011   109.919    78.570     4.762
     0.011   109.919    78.570     4.766
     0.011   109.918    78.571     4.770
     0.011   109.918    78.571     4.774
     0.011   109.918    78.572     4.779
     0.011   109.917    78.572     4.783
     0.010   109.917    78.573     4.788
     0.010   109.916    78.573     4.792
     0.010   109.916    78.574     4.796
     0.010   109.915    78.574     4.801
     0.010   109.915    78.575     4.805
     0.010   109.914    78.575     4.809
     0.010   109.914    78.576     4.814
     0.010   109.913    78.576     4.818
     0.010   109.913    78.577     4.823
     0.010   109.913    78.577     4.827
     0.010   109.912    78.578     4.832
     0.010   109.912    78.578     4.836
     0.010   109.911    78.579     4.840
     0.010   109.911    78.579     4.845
     0.010   109.910    78.580     4.849
     0.010   109.910    78.580     4.854
     0.010   109.910    78.581     4.858
     0.009   109.909    78.581     4.863
     0.009   109.909    78.582     4.867
     0.009   109.908    78.582     4.872
     0.009   109.908    78.583     4.876
     0.009   109.907    78.583     4.881
     0.009   109.907    78.584     4.885
     0.009   109.907    78.584     4.889
     0.009   109.906    78.585     4.894
     0.009   109.906    78.585     4.898
     0.009   109.905    78.586     4.902
     0.009   109.905    78.586     4.906
     0.009   109.905    78.586     4.911
     0.009   109.904    78.587     4.916
     0.009   109.904    78.587     4.920
     0.009   109.904    78.588     4.927
