    10.000   125.000     0.000     0.000
     9.999   124.501     0.500     0.023
     9.997   124.003     1.000     0.029
     9.992   123.508     1.500     0.036
     9.986   123.015     1.999     0.041
     9.978   122.524     2.498     0.045
     9.967   122.036     2.997     0.050
     9.955   121.550     3.495     0.054
     9.941   121.066     3.993     0.060
     9.925   120.586     4.490     0.064
     9.907   120.108     4.986     0.069
     9.887   119.632     5.481     0.073
     9.865   119.160     5.975     0.078
     9.842   118.691     6.468     0.083
     9.816   118.224     6.960     0.087
     9.789   117.761     7.450     0.092
     9.760   117.300     7.939     0.097
     9.730   116.843     8.427     0.101
     9.698   116.389     8.913     0.106
     9.664   115.939     9.397     0.111
     9.628   115.491     9.880     0.115
     9.591   115.047    10.361     0.120
     9.553   114.607    10.840     0.125
     9.513   114.170    11.317     0.132
     9.471   113.736    11.792     0.139
     9.428   113.306    12.265     0.143
     9.384   112.880    12.736     0.147
     9.338   112.457    13.205     0.152
     9.291   112.038    13.671     0.157
     9.242   111.623    14.135     0.161
     9.192   111.211    14.597     0.166
     9.141   110.803    15.056     0.170
     9.089   110.399    15.512     0.177
     9.036   109.998    15.966     0.182
     8.981   109.602    16.417     0.186
     8.926   109.209    16.865     0.190
     8.869   108.820    17.311     0.195
     8.811   108.435    17.753     0.200
     8.753   108.054    18.193     0.203
     8.693   107.677    18.630     0.207
     8.633   107.303    19.064     0.212
     8.571   106.934    19.495     0.217
     8.509   106.568    19.923     0.221
     8.446   106.206    20.347     0.226
     8.383   105.848    20.769     0.231
     8.318   105.495    21.187     0.235
     8.253   105.145    21.602     0.240
     8.187   104.798    22.014     0.245
     8.121   104.456    22.423     0.249
     8.054   104.118    22.828     0.254
     7.987   103.783    23.230     0.260
     7.919   103.453    23.628     0.267
     7.851   103.126    24.023     0.272
     7.782   102.803    24.415     0.276
     7.713   102.484    24.803     0.280
     7.643   102.169    25.188     0.284
     7.573   101.858    25.569     0.289
     7.503   101.550    25.947     0.294
     7.433   101.246    26.321     0.298
     7.362   100.946    26.692     0.303
     7.291   100.650    27.059     0.307
     7.220   100.357    27.423     0.311
     7.149   100.068    27.783     0.317
     7.077    99.783    28.139     0.324
     7.006    99.502    28.492     0.329
     6.935    99.224    28.842     0.335
     6.863    98.949    29.188     0.341
     6.792    98.679    29.530     0.347
     6.720    98.411    29.868     0.352
     6.649    98.148    30.204     0.356
     6.577    97.888    30.535     0.361
     6.506    97.631    30.863     0.366
     6.435    97.378    31.187     0.373
     6.364    97.128    31.508     0.379
     6.293    96.882    31.825     0.384
     6.222    96.639    32.139     0.388
     6.151    96.399    32.449     0.394
     6.081    96.163    32.756     0.398
     6.011    95.930    33.059     0.403
     5.941    95.700    33.359     0.406
     5.872    95.473    33.655     0.411
     5.802    95.250    33.948     0.416
     5.733    95.029    34.237     0.420
     5.665    94.812    34.523     0.425
     5.596    94.598    34.805     0.429
     5.529    94.387    35.084     0.433
     5.461    94.179    35.360     0.438
     5.394    93.974    35.632     0.442
     5.327    93.772    35.901     0.446
     5.260    93.573    36.166     0.450
     5.194    93.377    36.428     0.456
     5.129    93.184    36.687     0.460
     5.064    92.993    36.943     0.464
     4.999    92.806    37.195     0.469
     4.935    92.621    37.444     0.474
     4.871    92.439    37.690     0.478
     4.808    92.259    37.933     0.483
     4.745    92.083    38.173     0.487
     4.682    91.909    38.409     0.494
     4.621    91.737    38.642     0.501
     4.559    91.568    38.873     0.511
     4.498    91.402    39.100     0.515
     4.438    91.238    39.324     0.520
     4.378    91.077    39.545     0.525
     4.319    90.918    39.763     0.530
     4.260    90.761    39.978     0.534
     4.202    90.607    40.191     0.538
     4.144    90.456    40.400     0.542
     4.087    90.306    40.607     0.548
     4.031    90.159    40.810     0.554
     3.975    90.014    41.011     0.561
     3.919    89.872    41.209     0.565
     3.864    89.732    41.404     0.572
     3.810    89.593    41.597     0.578
     3.756    89.457    41.787     0.583
     3.703    89.324    41.974     0.587
     3.650    89.192    42.158     0.592
     3.598    89.062    42.340     0.595
     3.546    88.934    42.519     0.600
     3.495    88.809    42.696     0.605
     3.445    88.685    42.870     0.609
     3.395    88.563    43.042     0.613
     3.346    88.444    43.211     0.618
     3.297    88.326    43.377     0.623
     3.249    88.210    43.542     0.630
     3.201    88.096    43.703     0.635
     3.154    87.983    43.863     0.639
     3.107    87.873    44.020     0.643
     3.061    87.764    44.175     0.648
     3.016    87.657    44.327     0.653
     2.971    87.552    44.477     0.660
     2.927    87.448    44.625     0.665
     2.883    87.346    44.771     0.669
     2.839    87.246    44.915     0.673
     2.797    87.147    45.056     0.677
     2.754    87.050    45.196     0.682
     2.713    86.954    45.333     0.686
     2.672    86.860    45.468     0.690
     2.631    86.768    45.601     0.694
     2.591    86.677    45.732     0.699
     2.551    86.588    45.861     0.705
     2.512    86.500    45.988     0.709
     2.474    86.413    46.113     0.713
     2.436    86.328    46.236     0.717
     2.398    86.244    46.358     0.723
     2.361    86.162    46.477     0.727
     2.325    86.081    46.595     0.731
     2.288    86.001    46.710     0.736
     2.253    85.923    46.824     0.741
     2.218    85.846    46.937     0.748
     2.183    85.770    47.047     0.754
     2.149    85.695    47.156     0.758
     2.115    85.622    47.263     0.763
     2.082    85.550    47.368     0.766
     2.049    85.479    47.472     0.771
     2.017    85.409    47.574     0.776
     1.985    85.340    47.674     0.780
     1.954    85.273    47.773     0.784
     1.923    85.206    47.871     0.789
     1.892    85.141    47.966     0.794
     1.862    85.077    48.061     0.801
     1.833    85.014    48.153     0.806
     1.804    84.952    48.245     0.810
     1.775    84.891    48.334     0.814
     1.746    84.831    48.423     0.818
     1.718    84.772    48.510     0.823
     1.691    84.714    48.595     0.827
     1.664    84.657    48.679     0.832
     1.637    84.601    48.762     0.836
     1.611    84.545    48.844     0.842
     1.585    84.491    48.924     0.848
     1.559    84.438    49.003     0.854
     1.534    84.385    49.081     0.859
     1.509    84.334    49.157     0.863
     1.485    84.283    49.232     0.868
     1.461    84.233    49.306     0.873
     1.437    84.184    49.379     0.877
     1.413    84.136    49.450     0.882
     1.390    84.089    49.521     0.887
     1.368    84.042    49.590     0.891
     1.345    83.996    49.658     0.896
     1.323    83.951    49.725     0.900
     1.302    83.907    49.791     0.905
     1.281    83.864    49.856     0.909
     1.260    83.821    49.919     0.913
     1.239    83.779    49.982     0.918
     1.219    83.738    50.044     0.925
     1.199    83.697    50.105     0.931
     1.179    83.657    50.164     0.937
     1.159    83.618    50.223     0.943
     1.140    83.579    50.281     0.950
     1.121    83.541    50.337     0.954
     1.103    83.504    50.393     0.958
     1.085    83.467    50.448     0.962
     1.067    83.431    50.502     0.967
     1.049    83.396    50.555     0.972
     1.032    83.361    50.607     0.976
     1.015    83.327    50.659     0.981
     0.998    83.293    50.709     0.985
     0.981    83.260    50.759     0.992
     0.965    83.227    50.808     1.000
     0.949    83.195    50.856     1.005
     0.933    83.164    50.903     1.010
     0.917    83.133    50.950     1.017
     0.902    83.103    50.995     1.023
     0.887    83.073    51.040     1.028
     0.872    83.043    51.084     1.035
     0.858    83.014    51.128     1.041
     0.843    82.986    51.170     1.046
     0.829    82.958    51.212     1.053
     0.815    82.931    51.254     1.058
     0.802    82.904    51.294     1.064
     0.788    82.877    51.334     1.067
     0.775    82.851    51.373     1.072
     0.762    82.826    51.412     1.077
     0.749    82.801    51.450     1.084
     0.737    82.776    51.487     1.090
     0.724    82.752    51.524     1.095
     0.712    82.728    51.560     1.102
     0.700    82.704    51.595     1.107
     0.688    82.681    51.630     1.112
     0.677    82.659    51.665     1.119
     0.665    82.636    51.698     1.126
     0.654    82.615    51.731     1.131
     0.643    82.593    51.764     1.135
     0.632    82.572    51.796     1.138
     0.621    82.551    51.827     1.143
     0.611    82.531    51.858     1.147
     0.601    82.511    51.889     1.152
     0.590    82.491    51.919     1.156
     0.580    82.471    51.948     1.161
     0.571    82.452    51.977     1.165
     0.561    82.434    52.005     1.169
     0.551    82.415    52.033     1.174
     0.542    82.397    52.061     1.179
     0.533    82.379    52.088     1.185
     0.524    82.362    52.114     1.193
     0.515    82.345    52.140     1.199
     0.506    82.328    52.166     1.205
     0.498    82.311    52.191     1.210
     0.489    82.295    52.216     1.214
     0.481    82.279    52.240     1.218
     0.473    82.263    52.264     1.223
     0.465    82.248    52.288     1.228
     0.457    82.232    52.311     1.231
     0.449    82.218    52.334     1.235
     0.441    82.203    52.356     1.240
     0.434    82.188    52.378     1.244
     0.426    82.174    52.399     1.248
     0.419    82.160    52.421     1.253
     0.412    82.147    52.442     1.258
     0.405    82.133    52.462     1.262
     0.398    82.120    52.482     1.266
     0.391    82.107    52.502     1.270
     0.384    82.094    52.521     1.275
     0.378    82.081    52.541     1.280
     0.371    82.069    52.559     1.287
     0.365    82.057    52.578     1.292
     0.359    82.045    52.596     1.296
     0.353    82.033    52.614     1.301
     0.347    82.022    52.632     1.306
     0.341    82.010    52.649     1.313
     0.335    81.999    52.666     1.319
     0.329    81.988    52.682     1.324
     0.324    81.978    52.699     1.328
     0.318    81.967    52.715     1.332
     0.313    81.957    52.731     1.337
     0.307    81.947    52.746     1.342
     0.302    81.936    52.762     1.349
     0.297    81.927    52.777     1.353
     0.292    81.917    52.791     1.358
     0.287    81.907    52.806     1.362
     0.282    81.898    52.820     1.367
     0.277    81.889    52.834     1.372
     0.272    81.880    52.848     1.379
     0.267    81.871    52.862     1.385
     0.263    81.862    52.875     1.389
     0.258    81.854    52.888     1.394
     0.254    81.845    52.901     1.398
     0.250    81.837    52.913     1.403
     0.245    81.829    52.926     1.407
     0.241    81.821    52.938     1.412
     0.237    81.813    52.950     1.416
     0.233    81.805    52.962     1.421
     0.229    81.798    52.973     1.429
     0.225    81.790    52.985     1.433
     0.221    81.783    52.996     1.438
     0.217    81.776    53.007     1.442
     0.213    81.769    53.018     1.446
     0.210    81.762    53.028     1.451
     0.206    81.755    53.039     1.456
     0.203    81.748    53.049     1.463
     0.199    81.742    53.059     1.469
     0.196    81.735    53.069     1.474
     0.192    81.729    53.079     1.480
     0.189    81.722    53.088     1.486
     0.186    81.716    53.098     1.491
     0.183    81.710    53.107     1.495
     0.179    81.704    53.116     1.499
     0.176    81.699    53.125     1.504
     0.173    81.693    53.134     1.512
     0.170    81.687    53.143     1.516
     0.167    81.682    53.151     1.520
     0.164    81.676    53.159     1.525
     0.162    81.671    53.168     1.530
     0.159    81.666    53.176     1.533
     0.156    81.660    53.183     1.538
     0.153    81.655    53.191     1.543
     0.151    81.650    53.199     1.550
     0.148    81.645    53.206     1.556
     0.146    81.641    53.214     1.561
     0.143    81.636    53.221     1.565
     0.141    81.631    53.228     1.569
     0.138    81.627    53.235     1.574
     0.136    81.622    53.242     1.579
     0.133    81.618    53.249     1.586
     0.131    81.613    53.255     1.593
     0.129    81.609    53.262     1.598
     0.127    81.605    53.268     1.602
     0.124    81.601    53.275     1.606
     0.122    81.597    53.281     1.611
     0.120    81.593    53.287     1.616
     0.118    81.589    53.293     1.623
     0.116    81.585    53.299     1.628
     0.114    81.581    53.305     1.632
     0.112    81.578    53.310     1.636
     0.110    81.574    53.316     1.640
     0.108    81.570    53.321     1.644
     0.106    81.567    53.327     1.649
     0.105    81.563    53.332     1.653
     0.103    81.560    53.337     1.657
     0.101    81.557    53.342     1.662
     0.099    81.553    53.347     1.666
     0.097    81.550    53.352     1.673
     0.096    81.547    53.357     1.679
     0.094    81.544    53.362     1.684
     0.093    81.541    53.367     1.691
     0.091    81.538    53.371     1.698
     0.089    81.535    53.376     1.702
     0.088    81.532    53.380     1.709
     0.086    81.529    53.385     1.715
     0.085    81.526    53.389     1.720
     0.083    81.524    53.393     1.727
     0.082    81.521    53.397     1.733
     0.080    81.518    53.401     1.738
     0.079    81.516    53.405     1.745
     0.078    81.513    53.409     1.751
     0.076    81.510    53.413     1.756
     0.075    81.508    53.417     1.763
     0.074    81.506    53.421     1.769
     0.072    81.503    53.424     1.774
     0.071    81.501    53.428     1.778
     0.070    81.499    53.431     1.781
     0.069    81.496    53.435     1.786
     0.068    81.494    53.438     1.791
     0.066    81.492    53.442     1.794
     0.065    81.490    53.445     1.799
     0.064    81.488    53.448     1.804
     0.063    81.485    53.451     1.811
     0.062    81.483    53.455     1.817
     0.061    81.481    53.458     1.822
     0.060    81.479    53.461     1.826
     0.059    81.478    53.464     1.830
     0.058    81.476    53.467     1.835
     0.057    81.474    53.469     1.839
     0.056    81.472    53.472     1.843
     0.055    81.470    53.475     1.848
     0.054    81.468    53.478     1.853
     0.053    81.467    53.480     1.860
     0.052    81.465    53.483     1.866
     0.051    81.463    53.486     1.871
     0.050    81.462    53.488     1.875
     0.049    81.460    53.491     1.880
     0.048    81.458    53.493     1.885
     0.048    81.457    53.496     1.892
     0.047    81.455    53.498     1.896
     0.046    81.454    53.500     1.901
     0.045    81.452    53.503     1.905
     0.044    81.451    53.505     1.909
     0.044    81.449    53.507     1.914
     0.043    81.448    53.509     1.919
     0.042    81.446    53.511     1.926
     0.041    81.445    53.513     1.932
     0.041    81.444    53.516     1.937
     0.040    81.442    53.518     1.944
     0.039    81.441    53.520     1.949
     0.039    81.440    53.521     1.954
     0.038    81.439    53.523     1.961
     0.037    81.437    53.525     1.968
     0.037    81.436    53.527     1.973
     0.036    81.435    53.529     1.977
     0.035    81.434    53.531     1.981
     0.035    81.433    53.533     1.986
     0.034    81.432    53.534     1.990
     0.034    81.430    53.536     1.998
     0.033    81.429    53.538     2.002
     0.032    81.428    53.539     2.007
     0.032    81.427    53.541     2.010
     0.031    81.426    53.542     2.015
     0.031    81.425    53.544     2.021
     0.030    81.424    53.546     2.027
     0.030    81.423    53.547     2.032
     0.029    81.422    53.549     2.039
     0.029    81.421    53.550     2.043
     0.028    81.420    53.551     2.048
     0.028    81.419    53.553     2.052
     0.027    81.419    53.554     2.056
     0.027    81.418    53.556     2.061
     0.026    81.417    53.557     2.066
     0.026    81.416    53.558     2.071
     0.025    81.415    53.559     2.075
     0.025    81.414    53.561     2.079
     0.024    81.414    53.562     2.084
     0.024    81.413    53.563     2.088
     0.024    81.412    53.564     2.096
     0.023    81.411    53.566     2.102
     0.023    81.410    53.567     2.106
     0.022    81.410    53.568     2.113
     0.022    81.409    53.569     2.119
     0.022    81.408    53.570     2.124
     0.021    81.408    53.571     2.131
     0.021    81.407    53.572     2.137
     0.021    81.406    53.573     2.141
     0.020    81.405    53.574     2.148
     0.020    81.405    53.575     2.153
     0.020    81.404    53.576     2.157
     0.019    81.404    53.577     2.162
     0.019    81.403    53.578     2.166
     0.019    81.402    53.579     2.171
     0.018    81.402    53.580     2.176
     0.018    81.401    53.581     2.180
     0.018    81.401    53.582     2.187
     0.017    81.400    53.583     2.279
     0.017    81.399    53.584     2.286
     0.017    81.399    53.584     2.291
     0.016    81.398    53.585     2.296
     0.016    81.398    53.586     2.303
     0.016    81.397    53.587     2.309
     0.016    81.397    53.588     2.314
     0.015    81.396    53.588     2.318
     0.015    81.396    53.589     2.322
     0.015    81.395    53.590     2.327
     0.014    81.395    53.591     2.332
     0.014    81.394    53.591     2.336
     0.014    81.394    53.592     2.340
     0.014    81.393    53.593     2.345
     0.013    81.393    53.593     2.349
     0.013    81.393    53.594     2.354
     0.013    81.392    53.595     2.358
     0.013    81.392    53.595     2.362
     0.013    81.391    53.596     2.367
     0.012    81.391    53.597     2.372
     0.012    81.390    53.597     2.376
     0.012    81.390    53.598     2.380
     0.012    81.390    53.599     2.385
     0.012    81.389    53.599     2.389
     0.011    81.389    53.600     2.393
     0.011    81.389    53.600     2.398
     0.011    81.388    53.601     2.403
     0.011    81.388    53.601     2.407
     0.011    81.388    53.602     2.411
     0.010    81.387    53.602     2.416
     0.010    81.387    53.603     2.420
     0.010    81.386    53.603     2.425
     0.010    81.386    53.604     2.429
     0.010    81.386    53.604     2.433
     0.010    81.386    53.605     2.438
     0.009    81.385    53.605     2.442
     0.009    81.385    53.606     2.446
     0.009    81.385    53.606     2.450
     0.009    81.384    53.607     2.455
     0.009    81.384    53.607     2.460
     0.009    81.384    53.608     2.463
     0.008    81.383    53.608     2.468
     0.008    81.383    53.608     2.472
     0.008    81.383    53.609     2.478
     0.008    81.383    53.609     2.484
     0.008    81.382    53.610     2.491
     0.008    81.382    53.610     2.496
     0.008    81.382    53.610     2.500
     0.007    81.382    53.611     2.504
     0.007    81.381    53.611     2.509
     0.007    81.381    53.612     2.514
     0.007    81.381    53.612     2.521
     0.007    81.381    53.612     2.528
     0.007    81.381    53.613     2.532
     0.007    81.380    53.613     2.536
     0.007    81.380    53.613     2.541
     0.006    81.380    53.614     2.545
     0.006    81.380    53.614     2.550
     0.006    81.379    53.614     2.554
     0.006    81.379    53.615     2.558
     0.006    81.379    53.615     2.563
     0.006    81.379    53.615     2.568
     0.006    81.379    53.615     2.572
     0.006    81.378    53.616     2.576
     0.006    81.378    53.616     2.581
     0.006    81.378    53.616     2.585
     0.005    81.378    53.617     2.590
     0.005    81.378    53.617     2.594
     0.005    81.378    53.617     2.605
     0.005    81.377    53.617     2.610
     0.005    81.377    53.618     2.614
     0.005    81.377    53.618     2.619
     0.005    81.377    53.618     2.623
     0.005    81.377    53.618     2.627
     0.005    81.377    53.619     2.632
     0.005    81.376    53.619     2.637
     0.005    81.376    53.619     2.641
     0.004    81.376    53.619     2.645
     0.004    81.376    53.620     2.650
     0.004    81.376    53.620     2.654
     0.004    81.376    53.620     2.658
     0.004    81.376    53.620     2.662
     0.004    81.375    53.620     2.668
     0.004    81.375    53.621     2.672
     0.004    81.375    53.621     2.676
     0.004    81.375    53.621     2.680
     0.004    81.375    53.621     2.685
     0.004    81.375    53.621     2.690
     0.004    81.375    53.622     2.694
     0.004    81.375    53.622     2.698
     0.004    81.374    53.622     2.703
     0.004    81.374    53.622     2.707
     0.003    81.374    53.622     2.711
     0.003    81.374    53.622     2.715
     0.003    81.374    53.623     2.720
     0.003    81.374    53.623     2.724
     0.003    81.374    53.623     2.728
     0.003    81.374    53.623     2.733
     0.003    81.374    53.623     2.737
     0.003    81.373    53.623     2.742
     0.003    81.373    53.624     2.746
     0.003    81.373    53.624     2.749
     0.003    81.373    53.624     2.754
     0.003    81.373    53.624     2.758
     0.003    81.373    53.624     2.763
     0.003    81.373    53.624     2.767
     0.003    81.373    53.624     2.772
     0.003    81.373    53.625     2.776
     0.003    81.373    53.625     2.780
     0.003    81.373    53.625     2.785
     0.003    81.372    53.625     2.789
     0.002    81.372    53.625     2.794
     0.002    81.372    53.625     2.798
     0.002    81.372    53.625     2.802
     0.002    81.372    53.625     2.807
     0.002    81.372    53.626     2.811
     0.002    81.372    53.626     2.816
     0.002    81.372    53.626     2.819
     0.002    81.372    53.626     2.824
     0.002    81.372    53.626     2.829
     0.002    81.372    53.626     2.833
     0.002    81.372    53.626     2.837
     0.002    81.372    53.626     2.842
     0.002    81.372    53.626     2.846
     0.002    81.372    53.626     2.851
     0.002    81.371    53.627     2.855
     0.002    81.371    53.627     2.860
     0.002    81.371    53.627     2.865
     0.002    81.371    53.627     2.869
     0.002    81.371    53.627     2.873
     0.002    81.371    53.627     2.877
     0.002    81.371    53.627     2.882
     0.002    81.371    53.627     2.886
     0.002    81.371    53.627     2.890
     0.002    81.371    53.627     2.895
     0.002    81.371    53.627     2.899
     0.002    81.371    53.628     2.903
     0.002    81.371    53.628     2.907
     0.002    81.371    53.628     2.912
     0.002    81.371    53.628     2.916
     0.001    81.371    53.628     2.920
     0.001    81.370    53.628     2.924
     0.001    81.370    53.628     2.929
     0.001    81.370    53.628     2.933
     0.001    81.370    53.628     2.938
     0.001    81.370    53.628     2.942
     0.001    81.370    53.628     2.946
     0.001    81.370    53.628     2.951
     0.001    81.370    53.628     2.955
     0.001    81.370    53.628     2.959
     0.001    81.370    53.629     2.964
     0.001    81.370    53.629     2.969
     0.001    81.370    53.629     2.973
     0.001    81.370    53.629     2.977
     0.001    81.370    53.629     2.982
     0.001    81.370    53.629     2.986
     0.001    81.370    53.629     2.990
     0.001    81.370    53.629     2.994
     0.001    81.370    53.629     2.999
     0.001    81.370    53.629     3.003
     0.001    81.370    53.629     3.007
     0.001    81.370    53.629     3.012
     0.001    81.370    53.629     3.017
     0.001    81.370    53.629     3.021
     0.001    81.370    53.629     3.025
     0.001    81.370    53.629     3.029
     0.001    81.369    53.629     3.034
     0.001    81.369    53.629     3.038
     0.001    81.369    53.630     3.047
     0.001    81.369    53.630     3.051
     0.001    81.369    53.630     3.055
     0.001    81.369    53.630     3.060
     0.001    81.369    53.630     3.064
     0.001    81.369    53.630     3.068
     0.001    81.369    53.630     3.072
     0.001    81.369    53.630     3.077
     0.001    81.369    53.630     3.081
     0.001    81.369    53.630     3.086
     0.001    81.369    53.630     3.090
     0.001    81.369    53.630     3.095
     0.001    81.369    53.630     3.099
     0.001    81.369    53.630     3.104
     0.001    81.369    53.630     3.108
     0.001    81.369    53.630     3.112
     0.001    81.369    53.630     3.117
     0.001    81.369    53.630     3.120
     0.001    81.369    53.630     3.125
     0.001    81.369    53.630     3.129
     0.001    81.369    53.630     3.133
     0.001    81.369    53.630     3.138
     0.001    81.369    53.630     3.143
     0.001    81.369    53.630     3.150
     0.001    81.369    53.630     3.157
     0.001    81.369    53.630     3.161
     0.001    81.369    53.630     3.165
     0.001    81.369    53.630     3.169
     0.001    81.369    53.631     3.174
     0.001    81.369    53.631     3.178
     0.001    81.369    53.631     3.182
     0.001    81.369    53.631     3.187
     0.001    81.369    53.631     3.191
     0.001    81.369    53.631     3.196
     0.001    81.369    53.631     3.201
     0.000    81.369    53.631     3.206
     0.000    81.369    53.631     3.210
     0.000    81.369    53.631     3.215
     0.000    81.369    53.631     3.219
     0.000    81.369    53.631     3.224
     0.000    81.369    53.631     3.229
     0.000    81.369    53.631     3.233
     0.000    81.369    53.631     3.238
     0.000    81.369    53.631     3.243
     0.000    81.369    53.631     3.247
     0.000    81.369    53.631     3.252
     0.000    81.369    53.631     3.257
     0.000    81.369    53.631     3.261
     0.000    81.369    53.631     3.266
     0.000    81.369    53.631     3.270
     0.000    81.369    53.631     3.277
     0.000    81.369    53.631     3.284
     0.000    81.369    53.631     3.289
     0.000    81.369    53.631     3.293
     0.000    81.369    53.631     3.297
     0.000    81.369    53.631     3.302
     0.000    81.369    53.631     3.309
     0.000    81.369    53.631     3.316
     0.000    81.369    53.631     3.320
     0.000    81.369    53.631     3.324
     0.000    81.369    53.631     3.329
     0.000    81.369    53.631     3.334
     0.000    81.369    53.631     3.341
     0.000    81.369    53.631     3.347
     0.000    81.369    53.631     3.351
     0.000    81.369    53.631     3.356
     0.000    81.369    53.631     3.360
     0.000    81.369    53.631     3.364
     0.000    81.369    53.631     3.369
     0.000    81.369    53.631     3.373
     0.000    81.369    53.631     3.377
     0.000    81.369    53.631     3.382
     0.000    81.369    53.631     3.389
     0.000    81.369    53.631     3.395
     0.000    81.369    53.631     3.399
     0.000    81.369    53.631     3.403
     0.000    81.369    53.631     3.408
     0.000    81.369    53.631     3.413
     0.000    81.369    53.631     3.417
     0.000    81.369    53.631     3.422
     0.000    81.369    53.631     3.427
     0.000    81.369    53.632     3.432
     0.000    81.369    53.632     3.436
     0.000    81.369    53.632     3.441
     0.000    81.369    53.632     3.445
     0.000    81.369    53.632     3.450
     0.000    81.369    53.632     3.455
     0.000    81.369    53.632     3.459
     0.000    81.369    53.632     3.464
     0.000    81.369    53.632     3.469
     0.000    81.369    53.632     3.473
     0.000    81.369    53.632     3.478
     0.000    81.369    53.632     3.483
     0.000    81.369    53.632     3.487
     0.000    81.369    53.632     3.492
     0.000    81.369    53.632     3.497
     0.000    81.369    53.632     3.501
     0.000    81.369    53.632     3.506
     0.000    81.369    53.632     3.511
     0.000    81.369    53.632     3.515
     0.000    81.369    53.632     3.522
     0.000    81.369    53.632     3.527
     0.000    81.369    53.632     3.531
     0.000    81.369    53.632     3.536
     0.000    81.369    53.632     3.540
     0.000    81.369    53.632     3.545
     0.000    81.369    53.632     3.549
     0.000    81.369    53.632     3.555
     0.000    81.369    53.632     3.559
     0.000    81.369    53.632     3.563
     0.000    81.369    53.632     3.568
     0.000    81.369    53.632     3.573
     0.000    81.369    53.632     3.577
     0.000    81.369    53.632     3.582
     0.000    81.369    53.632     3.587
     0.000    81.369    53.632     3.591
     0.000    81.369    53.632     3.596
     0.000    81.369    53.632     3.600
     0.000    81.369    53.632     3.605
     0.000    81.369    53.632     3.610
     0.000    81.369    53.632     3.614
     0.000    81.369    53.632     3.619
     0.000    81.369    53.632     3.624
     0.000    81.369    53.632     3.628
     0.000    81.369    53.632     3.633
     0.000    81.369    53.632     3.638
     0.000    81.369    53.632     3.641
     0.000    81.369    53.632     3.646
     0.000    81.369    53.632     3.651
     0.000    81.369    53.632     3.656
     0.000    81.369    53.632     3.661
     0.000    81.369    53.632     3.666
     0.000    81.369    53.632     3.670
     0.000    81.369    53.632     3.674
     0.000    81.369    53.632     3.680
     0.000    81.369    53.632     3.683
     0.000    81.369    53.632     3.688
     0.000    81.369    53.632     3.693
     0.000    81.369    53.632     3.698
     0.000    81.369    53.632     3.702
     0.000    81.369    53.632     3.707
     0.000    81.369    53.632     3.714
     0.000    81.369    53.632     3.721
     0.000    81.369    53.632     3.725
     0.000    81.369    53.632     3.729
     0.000    81.369    53.632     3.733
     0.000    81.369    53.632     3.738
     0.000    81.369    53.632     3.742
     0.000    81.369    53.632     3.746
     0.000    81.369    53.632     3.751
     0.000    81.369    53.632     3.755
     0.000    81.369    53.632     3.760
     0.000    81.369    53.632     3.764
     0.000    81.369    53.632     3.770
     0.000    81.369    53.632     3.774
     0.000    81.369    53.632     3.779
     0.000    81.369    53.632     3.784
     0.000    81.369    53.632     3.788
     0.000    81.369    53.632     3.793
     0.000    81.369    53.632     3.798
     0.000    81.369    53.632     3.802
     0.000    81.369    53.632     3.807
     0.000    81.369    53.632     3.812
     0.000    81.369    53.632     3.816
     0.000    81.369    53.632     3.821
     0.000    81.369    53.632     3.826
     0.000    81.369    53.632     3.831
     0.000    81.369    53.632     3.835
     0.000    81.369    53.632     3.840
     0.000    81.369    53.632     3.844
     0.000    81.369    53.632     3.849
     0.000    81.369    53.632     3.854
     0.000    81.369    53.632     3.858
     0.000    81.369    53.632     3.863
     0.000    81.369    53.632     3.868
     0.000    81.369    53.632     3.872
     0.000    81.369    53.632     3.877
     0.000    81.369    53.632     3.881
     0.000    81.369    53.632     3.886
     0.000    81.369    53.632     3.891
     0.000    81.369    53.632     3.895
     0.000    81.369    53.632     3.902
     0.000    81.369    53.632     3.909
     0.000    81.369    53.632     3.914
     0.000    81.369    53.632     3.917
     0.000    81.369    53.632     3.922
     0.000    81.369    53.632     3.927
     0.000    81.369    53.632     3.931
     0.000    81.369    53.632     3.936
     0.000    81.369    53.632     3.941
     0.000    81.369    53.632     3.944
     0.000    81.369    53.632     3.949
     0.000    81.369    53.632     3.954
     0.000    81.369    53.632     3.961
     0.000    81.369    53.632     3.968
     0.000    81.369    53.632     3.973
     0.000    81.369    53.632     3.977
     0.000    81.369    53.632     3.981
     0.000    81.369    53.632     3.985
     0.000    81.369    53.632     3.990
     0.000    81.369    53.632     3.996
     0.000    81.369    53.632     4.000
     0.000    81.369    53.632     4.004
     0.000    81.369    53.632     4.010
     0.000    81.369    53.632     4.014
     0.000    81.369    53.632     4.019
     0.000    81.369    53.632     4.023
     0.000    81.369    53.632     4.028
     0.000    81.369    53.632     4.032
     0.000    81.369    53.632     4.037
     0.000    81.369    53.632     4.042
     0.000    81.369    53.632     4.046
     0.000    81.369    53.632     4.051
     0.000    81.369    53.632     4.056
     0.000    81.369    53.632     4.060
     0.000    81.369    53.632     4.065
     0.000    81.369    53.632     4.069
     0.000    81.369    53.632     4.073
     0.000    81.369    53.632     4.077
     0.000    81.369    53.632     4.082
     0.000    81.369    53.632     4.086
     0.000    81.369    53.632     4.091
     0.000    81.369    53.632     4.096
     0.000    81.369    53.632     4.100
     0.000    81.369    53.632     4.103
     0.000    81.369    53.632     4.108
     0.000    81.369    53.632     4.113
     0.000    81.369    53.632     4.116
     0.000    81.369    53.632     4.122
     0.000    81.369    53.632     4.126
     0.000    81.369    53.632     4.142
     0.000    81.369    53.632     4.148
     0.000    81.369    53.632     4.152
     0.000    81.369    53.632     4.157
     0.000    81.369    53.632     4.162
     0.000    81.369    53.632     4.166
     0.000    81.369    53.632     4.171
     0.000    81.369    53.632     4.176
     0.000    81.369    53.632     4.180
     0.000    81.369    53.632     4.185
     0.000    81.369    53.632     4.189
     0.000    81.369    53.632     4.193
     0.000    81.369    53.632     4.198
     0.000    81.369    53.632     4.203
     0.000    81.369    53.632     4.207
     0.000    81.369    53.632     4.212
     0.000    81.369    53.632     4.216
     0.000    81.369    53.632     4.223
     0.000    81.369    53.632     4.230
     0.000    81.369    53.632     4.235
     0.000    81.369    53.632     4.239
     0.000    81.369    53.632     4.244
     0.000    81.369    53.632     4.249
     0.000    81.369    53.632     4.253
     0.000    81.369    53.632     4.257
     0.000    81.369    53.632     4.262
     0.000    81.369    53.632     4.266
     0.000    81.369    53.632     4.271
     0.000    81.369    53.632     4.277
     0.000    81.369    53.632     4.281
     0.000    81.369    53.632     4.286
     0.000    81.369    53.632     4.291
     0.000    81.369    53.632     4.295
     0.000    81.369    53.632     4.299
     0.000    81.369    53.632     4.304
     0.000    81.369    53.632     4.308
     0.000    81.369    53.632     4.313
     0.000    81.369    53.632     4.318
     0.000    81.369    53.632     4.322
     0.000    81.369    53.632     4.327
     0.000    81.369    53.632     4.332
     0.000    81.369    53.632     4.336
     0.000    81.369    53.632     4.341
     0.000    81.369    53.632     4.346
     0.000    81.369    53.632     4.350
     0.000    81.369    53.632     4.355
     0.000    81.369    53.632     4.360
     0.000    81.369    53.632     4.364
     0.000    81.369    53.632     4.369
     0.000    81.369    53.632     4.373
     0.000    81.369    53.632     4.378
     0.000    81.369    53.632     4.382
     0.000    81.369    53.632     4.387
     0.000    81.369    53.632     4.392
     0.000    81.369    53.632     4.397
     0.000    81.369    53.632     4.402
     0.000    81.369    53.632     4.405
     0.000    81.369    53.632     4.410
     0.000    81.369    53.632     4.415
     0.000    81.369    53.632     4.420
     0.000    81.369    53.632     4.425
     0.000    81.369    53.632     4.430
     0.000    81.369    53.632     4.434
     0.000    81.369    53.632     4.438
     0.000    81.369    53.632     4.443
     0.000    81.369    53.632     4.447
     0.000    81.369    53.632     4.452
     0.000    81.369    53.632     4.456
     0.000    81.369    53.632     4.461
     0.000    81.369    53.632     4.465
     0.000    81.369    53.632     4.474
     0.000    81.369    53.632     4.479
     0.000    81.369    53.632     4.483
     0.000    81.369    53.632     4.487
     0.000    81.369    53.632     4.492
     0.000    81.369    53.632     4.497
     0.000    81.369    53.632     4.502
     0.000    81.369    53.632     4.506
     0.000    81.369    53.632     4.511
     0.000    81.369    53.632     4.515
     0.000    81.369    53.632     4.520
     0.000    81.369    53.632     4.525
     0.000    81.369    53.632     4.529
     0.000    81.369    53.632     4.534
     0.000    81.369    53.632     4.538
     0.000    81.369    53.632     4.543
     0.000    81.369    53.632     4.547
     0.000    81.369    53.632     4.552
     0.000    81.369    53.632     4.556
     0.000    81.369    53.632     4.561
     0.000    81.369    53.632     4.568
     0.000    81.369    53.632     4.572
     0.000    81.369    53.632     4.577
     0.000    81.369    53.632     4.581
     0.000    81.369    53.632     4.585
     0.000    81.369    53.632     4.589
     0.000    81.369    53.632     4.593
     0.000    81.369    53.632     4.598
     0.000    81.369    53.632     4.602
     0.000    81.369    53.632     4.607
     0.000    81.369    53.632     4.612
     0.000    81.369    53.632     4.616
     0.000    81.369    53.632     4.621
     0.000    81.369    53.632     4.625
     0.000    81.369    53.632     4.630
     0.000    81.369    53.632     4.634
     0.000    81.369    53.632     4.639
     0.000    81.369    53.632     4.644
     0.000    81.369    53.632     4.648
     0.000    81.369    53.632     4.654
     0.000    81.369    53.632     4.658
     0.000    81.369    53.632     4.663
     0.000    81.369    53.632     4.668
     0.000    81.369    53.632     4.672
     0.000    81.369    53.632     4.677
     0.000    81.369    53.632     4.681
     0.000    81.369    53.632     4.685
     0.000    81.369    53.632     4.690
     0.000    81.369    53.632     4.695
     0.000    81.369    53.632     4.699
     0.000    81.369    53.632     4.703
     0.000    81.369    53.632     4.707
     0.000    81.369    53.632     4.711
     0.000    81.369    53.632     4.716
     0.000    81.369    53.632     4.721
     0.000    81.369    53.632     4.726
     0.000    81.369    53.632     4.730
     0.000    81.369    53.632     4.735
     0.000    81.369    53.632     4.740
     0.000    81.369    53.632     4.745
     0.000    81.369    53.632     4.750
     0.000    81.369    53.632     4.755
     0.000    81.369    53.632     4.759
     0.000    81.369    53.632     4.763
     0.000    81.369    53.632     4.768
     0.000    81.369    53.632     4.773
     0.000    81.369    53.632     4.777
     0.000    81.369    53.632     4.782
     0.000    81.369    53.632     4.787
     0.000    81.369    53.632     4.792
     0.000    81.369    53.632     4.796
     0.000    81.369    53.632     4.803
     0.000    81.369    53.632     4.807
     0.000    81.369    53.632     4.812
     0.000    81.369    53.632     4.817
     0.000    81.369    53.632     4.822
     0.000    81.369    53.632     4.827
     0.000    81.369    53.632     4.832
     0.000    81.369    53.632     4.837
     0.000    81.369    53.632     4.842
     0.000    81.369    53.632     4.847
     0.000    81.369    53.632     4.852
     0.000    81.369    53.632     4.857
     0.000    81.369    53.632     4.863
     0.000    81.369    53.632     4.867
     0.000    81.369    53.632     4.873
     0.000    81.369    53.632     4.877
     0.000    81.369    53.632     4.882
     0.000    81.369    53.632     4.887
     0.000    81.369    53.632     4.891
     0.000    81.369    53.632     4.897
     0.000    81.369    53.632     4.902
     0.000    81.369    53.632     4.907
     0.000    81.369    53.632     4.911
     0.000    81.369    53.632     4.916
     0.000    81.369    53.632     4.921
     0.000    81.369    53.632     4.926
     0.000    81.369    53.632     4.929
     0.000    81.369    53.632     4.934
     0.000    81.369    53.632     4.939
     0.000    81.369    53.632     4.947
