     1.000   999.000     0.000     0.000
     1.087   998.900     0.013     0.225
     1.182   998.791     0.026     0.240
     1.286   998.673     0.041     0.252
     1.398   998.545     0.057     0.263
     1.520   998.405     0.074     0.272
     1.653   998.254     0.093     0.282
     1.797   998.089     0.114     0.291
     1.954   997.909     0.137     0.302
     2.125   997.714     0.161     0.312
     2.310   997.502     0.188     0.323
     2.512   997.272     0.216     0.332
     2.731   997.021     0.248     0.341
     2.969   996.749     0.282     0.350
     3.228   996.453     0.319     0.359
     3.509   996.131     0.359     0.368
     3.815   995.782     0.403     0.377
     4.147   995.402     0.451     0.386
     4.508   994.989     0.503     0.398
     4.900   994.541     0.559     0.407
     5.326   994.053     0.620     0.417
     5.789   993.524     0.687     0.426
     6.292   992.948     0.759     0.436
     6.838   992.324     0.838     0.446
     7.431   991.645     0.923     0.455
     8.075   990.908     1.016     0.466
     8.775   990.108     1.117     0.476
     9.534   989.239     1.227     0.487
    10.358   988.296     1.346     0.497
    11.252   987.273     1.476     0.507
    12.222   986.162     1.616     0.517
    13.275   984.956     1.769     0.528
    14.416   983.649     1.935     0.538
    15.654   982.231     2.115     0.549
    16.996   980.693     2.311     0.559
    18.450   979.027     2.523     0.569
    20.026   977.220     2.754     0.580
    21.732   975.263     3.004     0.590
    23.580   973.144     3.276     0.600
    25.580   970.849     3.571     0.611
    27.744   968.366     3.890     0.621
    30.084   965.679     4.237     0.631
    32.613   962.774     4.613     0.642
    35.345   959.634     5.021     0.651
    38.295   956.242     5.463     0.660
    41.478   952.580     5.941     0.669
    44.911   948.629     6.460     0.677
    48.610   944.369     7.021     0.686
    52.593   939.778     7.629     0.695
    56.878   934.835     8.286     0.704
    61.484   929.518     8.997     0.713
    66.431   923.803     9.766     0.722
    71.737   917.666    10.596     0.731
    77.424   911.083    11.493     0.740
    83.510   904.029    12.461     0.748
    90.016   896.480    13.505     0.757
    96.960   888.410    14.630     0.766
   104.362   879.796    15.842     0.774
   112.239   870.614    17.146     0.783
   120.608   860.842    18.549     0.792
   129.483   850.460    20.057     0.802
   138.876   839.448    21.676     0.811
   148.798   827.790    23.411     0.820
   159.256   815.473    25.271     0.828
   170.252   802.486    27.262     0.837
   181.786   788.823    29.390     0.848
   193.854   774.484    31.663     0.859
   206.444   759.470    34.086     0.868
   219.543   743.791    36.666     0.879
   233.128   727.462    39.411     0.890
   247.173   710.502    42.325     0.901
   261.645   692.941    45.414     0.912
   276.505   674.810    48.685     0.923
   291.707   656.151    52.141     0.934
   307.201   637.011    55.788     0.945
   322.930   617.442    59.628     0.957
   338.833   597.503    63.664     0.967
   354.843   577.258    67.900     0.978
   370.891   556.774    72.335     0.988
   386.905   536.124    76.971     1.000
   402.811   515.381    81.808     1.011
   418.536   494.621    86.843     1.021
   434.006   473.919    92.074     1.032
   449.150   453.351    97.500     1.043
   463.897   432.989   103.114     1.053
   478.185   412.902   108.913     1.064
   491.952   393.158   114.890     1.078
   505.144   373.816   121.039     1.104
   517.713   354.933   127.354     1.116
   529.617   336.558   133.825     1.128
   540.821   318.733   140.445     1.140
   551.299   301.496   147.206     1.151
   561.029   284.874   154.097     1.163
   569.998   268.892   161.110     1.173
   578.200   253.565   168.235     1.184
   585.634   238.904   175.462     1.195
   592.304   224.913   182.783     1.207
   598.222   211.591   190.186     1.218
   603.402   198.933   197.664     1.228
   607.864   186.930   205.207     1.239
   611.628   175.567   212.805     1.264
   614.721   164.829   220.450     1.277
   617.169   154.696   228.134     1.287
   619.002   145.149   235.849     1.299
   620.249   136.164   243.586     1.310
   620.942   127.719   251.340     1.322
   621.111   119.788   259.101     1.334
   620.787   112.348   266.865     1.345
   620.001   105.373   274.625     1.357
   618.785    98.840   282.375     1.368
   617.166    92.724   290.110     1.380
   615.174    87.002   297.824     1.395
   612.836    81.649   305.514     1.407
   610.180    76.646   313.175     1.418
   607.229    71.969   320.802     1.430
   604.009    67.599   328.392     1.444
   600.542    63.516   335.942     1.458
   596.849    59.701   343.449     1.469
   592.952    56.138   350.910     1.481
   588.869    52.809   358.322     1.492
   584.618    49.700   365.682     1.504
   580.216    46.794   372.990     1.515
   575.678    44.079   380.243     1.527
   571.019    41.541   387.439     1.538
   566.254    39.169   394.577     1.550
   561.394    36.951   401.655     1.561
   556.451    34.877   408.672     1.572
   551.436    32.936   415.628     1.584
   546.359    31.120   422.521     1.595
   541.230    29.420   429.350     1.616
   536.057    27.827   436.116     1.647
   530.848    26.336   442.816     1.660
   525.610    24.938   449.452     1.671
   520.351    23.627   456.022     1.683
   515.076    22.398   462.527     1.695
   509.791    21.244   468.965     1.706
   504.502    20.161   475.337     1.721
   499.213    19.144   481.644     1.747
   493.928    18.188   487.884     1.768
   488.652    17.290   494.058     1.786
   483.389    16.445   500.166     1.797
   478.142    15.650   506.208     1.808
   472.913    14.902   512.185     1.818
   467.706    14.197   518.097     1.829
   462.524    13.533   523.943     1.839
   457.368    12.907   529.724     1.850
   452.242    12.317   535.442     1.860
   447.146    11.760   541.095     1.871
   442.082    11.234   546.684     1.881
   437.053    10.737   552.210     1.891
   432.059    10.268   557.673     1.903
   427.102     9.824   563.074     1.913
   422.183     9.405   568.412     1.924
   417.302     9.008   573.690     1.934
   412.462     8.632   578.906     1.946
   407.662     8.276   584.062     1.956
   402.904     7.938   589.158     1.967
   398.187     7.619   594.194     1.976
   393.513     7.315   599.171     1.986
   388.882     7.027   604.090     1.996
   384.295     6.754   608.951     2.006
   379.751     6.494   613.755     2.016
   375.250     6.248   618.502     2.027
   370.794     6.013   623.192     2.039
   366.382     5.790   627.827     2.049
   362.015     5.578   632.407     2.060
   357.691     5.376   636.932     2.071
   353.412     5.184   641.404     2.080
   349.178     5.001   645.821     2.091
   344.988     4.826   650.186     2.101
   340.842     4.660   654.498     2.112
   336.740     4.501   658.759     2.122
   332.683     4.349   662.968     2.132
   328.669     4.205   667.127     2.143
   324.699     4.066   671.235     2.153
   320.772     3.934   675.294     2.163
   316.889     3.808   679.303     2.174
   313.048     3.688   683.264     2.184
   309.250     3.572   687.177     2.194
   305.495     3.462   691.043     2.204
   301.782     3.356   694.862     2.216
   298.111     3.255   698.634     2.227
   294.482     3.158   702.360     2.237
   290.894     3.065   706.041     2.247
   287.347     2.975   709.678     2.257
   283.841     2.890   713.269     2.268
   280.375     2.808   716.817     2.278
   276.949     2.729   720.322     2.288
   273.562     2.654   723.784     2.299
   270.215     2.581   727.204     2.309
   266.907     2.511   730.581     2.319
   263.638     2.444   733.918     2.329
   260.407     2.380   737.213     2.339
   257.214     2.318   740.468     2.349
   254.058     2.258   743.683     2.360
   250.940     2.201   746.859     2.370
   247.859     2.146   749.996     2.380
   244.813     2.092   753.094     2.390
   241.805     2.041   756.154     2.401
   238.831     1.992   759.177     2.411
   235.894     1.944   762.162     2.433
   232.991     1.898   765.111     2.444
   230.123     1.854   768.023     2.454
   227.289     1.812   770.900     2.464
   224.489     1.770   773.741     2.475
   221.722     1.731   776.547     2.485
   218.989     1.692   779.318     2.495
   216.289     1.655   782.056     2.505
   213.621     1.619   784.759     2.514
   210.985     1.585   787.430     2.524
   208.382     1.551   790.067     2.534
   205.809     1.519   792.672     2.545
   203.268     1.488   795.245     2.555
   200.757     1.458   797.785     2.564
   198.277     1.428   800.295     2.574
   195.827     1.400   802.773     2.585
   193.406     1.373   805.221     2.594
   191.015     1.346   807.639     2.604
   188.653     1.320   810.026     2.615
   186.320     1.295   812.385     2.626
   184.015     1.271   814.714     2.637
   181.738     1.248   817.014     2.647
   179.489     1.225   819.285     2.659
   177.268     1.203   821.529     2.669
   175.073     1.182   823.745     2.680
   172.906     1.161   825.933     2.690
   170.764     1.141   828.095     2.700
   168.649     1.122   830.229     2.710
   166.560     1.103   832.337     2.720
   164.496     1.084   834.419     2.730
   162.458     1.066   836.475     2.741
   160.445     1.049   838.506     2.752
   158.456     1.032   840.512     2.762
   156.492     1.016   842.492     2.772
   154.551     1.000   844.448     2.782
   152.635     0.985   846.380     2.792
   150.742     0.970   848.288     2.803
   148.872     0.955   850.173     2.813
   147.026     0.941   852.034     2.824
   145.202     0.927   853.871     2.833
   143.400     0.913   855.686     2.843
   141.621     0.900   857.479     2.854
   139.863     0.888   859.249     2.865
   138.127     0.875   860.997     2.875
   136.413     0.863   862.724     2.886
   134.719     0.851   864.429     2.896
   133.047     0.840   866.113     2.906
   131.395     0.829   867.776     2.916
   129.763     0.818   869.419     2.927
   128.152     0.807   871.041     2.938
   126.560     0.797   872.643     2.948
   124.988     0.787   874.225     2.958
   123.436     0.777   875.787     2.968
   121.903     0.767   877.330     2.978
   120.388     0.758   878.854     2.988
   118.892     0.749   880.359     2.998
   117.415     0.740   881.845     3.009
   115.956     0.731   883.312     3.019
   114.515     0.723   884.762     3.029
   113.092     0.714   886.193     3.039
   111.686     0.706   887.607     3.049
   110.298     0.699   889.003     3.059
   108.927     0.691   890.382     3.069
   107.573     0.683   891.743     3.080
   106.236     0.676   893.088     3.089
   104.915     0.669   894.416     3.099
   103.611     0.662   895.727     3.110
   102.322     0.655   897.023     3.122
   101.050     0.648   898.302     3.131
    99.794     0.642   899.565     3.141
    98.552     0.635   900.812     3.150
    97.327     0.629   902.044     3.159
    96.116     0.623   903.261     3.170
    94.921     0.617   904.462     3.180
    93.740     0.611   905.649     3.189
    92.574     0.605   906.820     3.199
    91.423     0.600   907.978     3.210
    90.285     0.594   909.120     3.221
    89.162     0.589   910.249     3.232
    88.053     0.584   911.363     3.241
    86.957     0.578   912.464     3.250
    85.875     0.573   913.551     3.259
    84.807     0.568   914.625     3.269
    83.752     0.564   915.685     3.278
    82.709     0.559   916.731     3.296
    81.680     0.554   917.765     3.310
    80.664     0.550   918.786     3.320
    79.660     0.545   919.795     3.331
    78.668     0.541   920.790     3.341
    77.689     0.537   921.774     3.353
    76.722     0.533   922.745     3.364
    75.768     0.529   923.704     3.373
    74.824     0.524   924.651     3.382
    73.893     0.521   925.586     3.412
    72.973     0.517   926.510     3.429
    72.065     0.513   927.422     3.447
    71.168     0.509   928.323     3.458
    70.282     0.506   929.212     3.468
    69.407     0.502   930.091     3.480
    68.543     0.499   930.959     3.489
    67.689     0.495   931.815     3.510
    66.847     0.492   932.662     3.522
    66.014     0.489   933.497     3.532
    65.192     0.485   934.322     3.543
    64.381     0.482   935.137     3.553
    63.579     0.479   935.942     3.563
    62.787     0.476   936.737     3.574
    62.005     0.473   937.522     3.584
    61.233     0.470   938.297     3.593
    60.471     0.467   939.062     3.602
    59.718     0.464   939.818     3.613
    58.974     0.462   940.564     3.623
    58.239     0.459   941.302     3.633
    57.514     0.456   942.030     3.642
    56.798     0.454   942.748     3.653
    56.090     0.451   943.458     3.663
    55.392     0.448   944.160     3.673
    54.702     0.446   944.852     3.684
    54.021     0.444   945.536     3.695
    53.348     0.441   946.211     3.705
    52.683     0.439   946.878     3.714
    52.027     0.436   947.536     3.727
    51.379     0.434   948.187     3.738
    50.739     0.432   948.829     3.749
    50.107     0.430   949.463     3.759
    49.483     0.428   950.089     3.769
    48.866     0.426   950.708     3.780
    48.258     0.423   951.319     3.790
    47.656     0.421   951.922     3.800
    47.063     0.419   952.518     3.809
    46.476     0.417   953.106     3.819
    45.897     0.415   953.687     3.828
    45.326     0.414   954.261     3.838
    44.761     0.412   954.827     3.847
    44.203     0.410   955.387     3.858
    43.652     0.408   955.939     3.867
    43.109     0.406   956.485     3.877
    42.571     0.405   957.024     3.887
    42.041     0.403   957.556     3.898
    41.517     0.401   958.082     3.909
    41.000     0.399   958.601     3.919
    40.489     0.398   959.113     3.930
    39.985     0.396   959.619     3.941
    39.486     0.395   960.119     3.952
    38.994     0.393   960.613     3.962
    38.508     0.392   961.100     3.973
    38.029     0.390   961.581     3.983
    37.555     0.389   962.057     3.993
    37.087     0.387   962.526     4.003
    36.625     0.386   962.990     4.014
    36.168     0.384   963.448     4.024
    35.717     0.383   963.900     4.034
    35.272     0.381   964.346     4.045
    34.833     0.380   964.787     4.056
    34.399     0.379   965.222     4.066
    33.970     0.377   965.652     4.076
    33.547     0.376   966.077     4.086
    33.129     0.375   966.496     4.097
    32.716     0.374   966.910     4.108
    32.308     0.372   967.319     4.138
    31.905     0.371   967.723     4.148
    31.508     0.370   968.122     4.158
    31.115     0.369   968.516     4.167
    30.727     0.368   968.905     4.178
    30.344     0.367   969.289     4.188
    29.966     0.366   969.668     4.199
    29.593     0.364   970.043     4.209
    29.224     0.363   970.413     4.220
    28.860     0.362   970.778     4.230
    28.500     0.361   971.139     4.243
    28.145     0.360   971.495     4.253
    27.794     0.359   971.847     4.264
    27.447     0.358   972.194     4.275
    27.105     0.357   972.537     4.285
    26.767     0.356   972.876     4.295
    26.434     0.355   973.211     4.305
    26.104     0.354   973.541     4.316
    25.779     0.353   973.867     4.326
    25.458     0.353   974.190     4.337
    25.140     0.352   974.508     4.347
    24.827     0.351   974.822     4.358
    24.518     0.350   975.133     4.369
    24.212     0.349   975.439     4.379
    23.910     0.348   975.742     4.390
    23.612     0.347   976.041     4.400
    23.318     0.347   976.336     4.410
    23.027     0.346   976.627     4.420
    22.740     0.345   976.915     4.431
    22.457     0.344   977.199     4.441
    22.177     0.343   977.480     4.451
    21.900     0.343   977.757     4.462
    21.627     0.342   978.031     4.472
    21.358     0.341   978.301     4.482
    21.091     0.340   978.568     4.493
    20.828     0.340   978.832     4.503
    20.569     0.339   979.092     4.513
    20.312     0.338   979.349     4.523
    20.059     0.338   979.603     4.533
    19.809     0.337   979.854     4.544
    19.562     0.336   980.102     4.554
    19.318     0.336   980.346     4.571
    19.077     0.335   980.588     4.583
    18.840     0.334   980.826     4.595
    18.605     0.334   981.062     4.606
    18.373     0.333   981.294     4.616
    18.144     0.332   981.524     4.626
    17.918     0.332   981.751     4.637
    17.694     0.331   981.975     4.646
    17.474     0.331   982.196     4.656
    17.256     0.330   982.414     4.668
    17.041     0.329   982.630     4.678
    16.828     0.329   982.843     4.689
    16.618     0.328   983.053     4.700
    16.411     0.328   983.261     4.710
    16.207     0.327   983.466     4.720
    16.005     0.327   983.669     4.731
    15.805     0.326   983.869     4.741
    15.608     0.326   984.066     4.751
    15.413     0.325   984.261     4.762
    15.221     0.325   984.454     4.772
    15.031     0.324   984.644     4.783
    14.844     0.324   984.832     4.793
    14.659     0.323   985.018     4.804
    14.476     0.323   985.201     4.814
    14.296     0.322   985.382     4.825
    14.117     0.322   985.561     4.835
    13.941     0.321   985.737     4.845
    13.768     0.321   985.911     4.855
    13.596     0.321   986.084     4.865
    13.426     0.320   986.253     4.876
    13.259     0.320   986.421     4.885
    13.094     0.319   986.587     4.897
    12.930     0.319   986.751     4.907
    12.769     0.318   986.912     4.918
    12.610     0.318   987.072     4.928
    12.453     0.318   987.230     4.939
    12.298     0.317   987.385     4.949
    12.144     0.317   987.539     4.959
    11.993     0.316   987.691     4.970
    11.843     0.316   987.841     4.980
    11.696     0.316   987.989     4.991
    11.550     0.315   988.135     5.001
    11.406     0.315   988.279     5.011
    11.264     0.315   988.422     5.021
    11.123     0.314   988.563     5.031
    10.984     0.314   988.702     5.042
    10.847     0.314   988.839     5.052
    10.712     0.313   988.975     5.063
    10.579     0.313   989.109     5.073
    10.447     0.313   989.241     5.084
    10.317     0.312   989.371     5.094
    10.188     0.312   989.500     5.105
    10.061     0.312   989.628     5.116
     9.935     0.311   989.753     5.127
     9.812     0.311   989.878     5.137
     9.689     0.311   990.000     5.146
     9.568     0.310   990.121     5.166
     9.449     0.310   990.241     5.176
     9.331     0.310   990.359     5.187
     9.215     0.309   990.476     5.196
     9.100     0.309   990.591     5.206
     8.987     0.309   990.705     5.216
     8.874     0.309   990.817     5.227
     8.764     0.308   990.928     5.237
     8.655     0.308   991.037     5.246
     8.547     0.308   991.146     5.256
     8.440     0.308   991.252     5.267
     8.335     0.307   991.358     5.277
     8.231     0.307   991.462     5.287
     8.128     0.307   991.565     5.298
     8.027     0.306   991.667     5.308
     7.927     0.306   991.767     5.319
     7.828     0.306   991.866     5.329
     7.730     0.306   991.964     5.339
     7.634     0.306   992.060     5.349
     7.539     0.305   992.156     5.358
     7.445     0.305   992.250     5.367
     7.352     0.305   992.343     5.377
     7.260     0.305   992.435     5.388
     7.170     0.304   992.526     5.398
     7.080     0.304   992.615     5.407
     6.992     0.304   992.704     5.418
     6.905     0.304   992.791     5.429
     6.819     0.304   992.878     5.439
     6.734     0.303   992.963     5.449
     6.650     0.303   993.047     5.459
     6.567     0.303   993.130     5.469
     6.485     0.303   993.212     5.480
     6.404     0.303   993.293     5.491
     6.324     0.302   993.373     5.501
     6.245     0.302   993.452     5.510
     6.167     0.302   993.531     5.520
     6.091     0.302   993.608     5.530
     6.015     0.302   993.684     5.539
     5.940     0.301   993.759     5.548
     5.866     0.301   993.833     5.558
     5.792     0.301   993.906     5.567
     5.720     0.301   993.979     5.577
     5.649     0.301   994.050     5.586
     5.578     0.301   994.121     5.595
     5.509     0.300   994.191     5.614
     5.440     0.300   994.259     5.623
     5.372     0.300   994.327     5.633
     5.305     0.300   994.395     5.643
     5.239     0.300   994.461     5.652
     5.174     0.300   994.526     5.662
     5.109     0.299   994.591     5.672
     5.046     0.299   994.655     5.682
     4.983     0.299   994.718     5.692
     4.921     0.299   994.780     5.701
     4.859     0.299   994.842     5.711
     4.799     0.299   994.903     5.721
     4.739     0.299   994.963     5.731
     4.680     0.298   995.022     5.741
     4.621     0.298   995.080     5.750
     4.564     0.298   995.138     5.760
     4.507     0.298   995.195     5.770
     4.451     0.298   995.251     5.780
     4.395     0.298   995.307     5.789
     4.340     0.298   995.362     5.799
     4.286     0.297   995.416     5.809
     4.233     0.297   995.470     5.819
     4.180     0.297   995.523     5.828
     4.128     0.297   995.575     5.839
     4.076     0.297   995.626     5.849
     4.025     0.297   995.677     5.858
     3.975     0.297   995.728     5.868
     3.926     0.297   995.777     5.878
     3.877     0.296   995.826     5.888
     3.828     0.296   995.875     5.898
     3.781     0.296   995.923     5.908
     3.734     0.296   995.970     5.917
     3.687     0.296   996.017     5.927
     3.641     0.296   996.063     5.936
     3.596     0.296   996.108     5.946
     3.551     0.296   996.153     5.956
     3.506     0.296   996.198     5.966
     3.463     0.295   996.241     5.976
     3.420     0.295   996.285     5.985
     3.377     0.295   996.327     5.995
     3.335     0.295   996.370     6.005
     3.293     0.295   996.411     6.015
     3.252     0.295   996.453     6.025
     3.212     0.295   996.493     6.035
     3.172     0.295   996.533     6.045
     3.132     0.295   996.573     6.055
     3.093     0.295   996.612     6.064
     3.054     0.295   996.651     6.074
     3.016     0.294   996.689     6.084
     2.979     0.294   996.727     6.094
     2.941     0.294   996.764     6.103
     2.905     0.294   996.801     6.113
     2.869     0.294   996.837     6.123
     2.833     0.294   996.873     6.133
     2.797     0.294   996.908     6.143
     2.763     0.294   996.943     6.153
     2.728     0.294   996.978     6.163
     2.694     0.294   997.012     6.173
     2.661     0.294   997.046     6.182
     2.627     0.294   997.079     6.192
     2.595     0.293   997.112     6.202
     2.562     0.293   997.144     6.212
     2.530     0.293   997.176     6.222
     2.499     0.293   997.208     6.233
     2.468     0.293   997.239     6.242
     2.437     0.293   997.270     6.252
     2.406     0.293   997.300     6.262
     2.376     0.293   997.330     6.271
     2.347     0.293   997.360     6.281
     2.317     0.293   997.389     6.291
     2.289     0.293   997.418     6.300
     2.260     0.293   997.447     6.310
     2.232     0.293   997.475     6.320
     2.204     0.293   997.503     6.331
     2.177     0.292   997.531     6.350
     2.149     0.292   997.558     6.376
     2.123     0.292   997.585     6.388
     2.096     0.292   997.611     6.398
     2.070     0.292   997.638     6.409
     2.044     0.292   997.663     6.420
     2.019     0.292   997.689     6.430
     1.994     0.292   997.714     6.441
     1.969     0.292   997.739     6.452
     1.944     0.292   997.764     6.462
     1.920     0.292   997.788     6.472
     1.896     0.292   997.812     6.483
     1.872     0.292   997.836     6.494
     1.849     0.292   997.859     6.503
     1.826     0.292   997.882     6.514
     1.803     0.292   997.905     6.525
     1.781     0.292   997.927     6.534
     1.758     0.291   997.950     6.544
     1.736     0.291   997.972     6.555
     1.715     0.291   997.993     6.565
     1.693     0.291   998.015     6.576
     1.672     0.291   998.036     6.587
     1.651     0.291   998.057     6.598
     1.631     0.291   998.078     6.607
     1.611     0.291   998.098     6.618
     1.590     0.291   998.118     6.628
     1.571     0.291   998.138     6.651
     1.551     0.291   998.158     6.662
     1.532     0.291   998.177     6.673
     1.513     0.291   998.196     6.683
     1.494     0.291   998.215     6.694
     1.475     0.291   998.234     6.706
     1.457     0.291   998.252     6.717
     1.439     0.291   998.270     6.727
     1.421     0.291   998.288     6.738
     1.403     0.291   998.306     6.749
     1.385     0.291   998.324     6.759
     1.368     0.291   998.341     6.770
     1.351     0.291   998.358     6.780
     1.334     0.290   998.375     6.791
     1.318     0.290   998.392     6.801
     1.301     0.290   998.408     6.812
     1.285     0.290   998.424     6.822
     1.269     0.290   998.440     6.832
     1.253     0.290   998.456     6.842
     1.237     0.290   998.472     6.852
     1.222     0.290   998.487     6.862
     1.207     0.290   998.503     6.873
     1.192     0.290   998.518     6.883
     1.177     0.290   998.533     6.893
     1.162     0.290   998.547     6.904
     1.148     0.290   998.562     6.915
     1.133     0.290   998.576     6.926
     1.119     0.290   998.590     6.937
     1.105     0.290   998.604     6.948
     1.091     0.290   998.618     6.958
     1.078     0.290   998.632     6.968
     1.064     0.290   998.645     6.979
     1.051     0.290   998.659     6.997
     1.038     0.290   998.672     7.007
     1.025     0.290   998.685     7.017
     1.012     0.290   998.698     7.027
     1.000     0.290   998.710     7.036
     0.987     0.290   998.723     7.046
     0.975     0.290   998.735     7.055
     0.963     0.290   998.747     7.065
     0.951     0.290   998.759     7.075
     0.939     0.290   998.771     7.084
     0.927     0.290   998.783     7.094
     0.916     0.290   998.795     7.103
     0.904     0.289   998.806     7.113
     0.893     0.289   998.817     7.122
     0.882     0.289   998.828     7.132
     0.871     0.289   998.840     7.141
     0.860     0.289   998.850     7.150
     0.849     0.289   998.861     7.160
     0.839     0.289   998.872     7.169
     0.828     0.289   998.882     7.178
     0.818     0.289   998.893     7.187
     0.808     0.289   998.903     7.197
     0.798     0.289   998.913     7.206
     0.788     0.289   998.923     7.215
     0.778     0.289   998.933     7.224
     0.768     0.289   998.942     7.233
     0.759     0.289   998.952     7.242
     0.749     0.289   998.961     7.252
     0.740     0.289   998.971     7.261
     0.730     0.289   998.980     7.271
     0.721     0.289   998.989     7.280
     0.712     0.289   998.998     7.290
     0.703     0.289   999.007     7.300
     0.695     0.289   999.016     7.311
     0.686     0.289   999.025     7.322
     0.677     0.289   999.033     7.333
     0.669     0.289   999.042     7.343
     0.661     0.289   999.050     7.353
     0.652     0.289   999.058     7.363
     0.644     0.289   999.066     7.372
     0.636     0.289   999.074     7.382
     0.628     0.289   999.082     7.391
     0.621     0.289   999.090     7.401
     0.613     0.289   999.098     7.410
     0.605     0.289   999.106     7.419
     0.598     0.289   999.113     7.429
     0.590     0.289   999.121     7.438
     0.583     0.289   999.128     7.447
     0.576     0.289   999.135     7.457
     0.568     0.289   999.143     7.466
     0.561     0.289   999.150     7.476
     0.554     0.289   999.157     7.485
     0.547     0.289   999.164     7.495
     0.541     0.289   999.170     7.504
     0.534     0.289   999.177     7.514
     0.527     0.289   999.184     7.523
     0.521     0.289   999.190     7.532
     0.514     0.289   999.197     7.542
     0.508     0.289   999.203     7.551
     0.501     0.289   999.210     7.561
     0.495     0.289   999.216     7.570
     0.489     0.289   999.222     7.580
     0.483     0.288   999.228     7.589
     0.477     0.288   999.234     7.598
     0.471     0.288   999.240     7.608
     0.465     0.288   999.246     7.617
     0.459     0.288   999.252     7.627
     0.453     0.288   999.258     7.636
     0.448     0.288   999.263     7.655
     0.442     0.288   999.269     7.664
     0.437     0.288   999.275     7.674
     0.431     0.288   999.280     7.683
     0.426     0.288   999.285     7.692
     0.421     0.288   999.291     7.701
     0.415     0.288   999.296     7.710
     0.410     0.288   999.301     7.720
     0.405     0.288   999.306     7.729
     0.400     0.288   999.311     7.738
     0.395     0.288   999.316     7.747
     0.390     0.288   999.321     7.757
     0.385     0.288   999.326     7.766
     0.380     0.288   999.331     7.776
     0.376     0.288   999.336     7.785
     0.371     0.288   999.340     7.794
     0.366     0.288   999.345     7.804
     0.362     0.288   999.350     7.812
     0.357     0.288   999.354     7.822
     0.353     0.288   999.359     7.830
     0.348     0.288   999.363     7.840
     0.344     0.288   999.367     7.850
     0.340     0.288   999.372     7.859
     0.336     0.288   999.376     7.868
     0.331     0.288   999.380     7.878
     0.327     0.288   999.384     7.887
     0.323     0.288   999.388     7.896
     0.319     0.288   999.392     7.905
     0.315     0.288   999.396     7.915
     0.311     0.288   999.400     7.923
     0.307     0.288   999.404     7.933
     0.303     0.288   999.408     7.942
     0.300     0.288   999.412     7.952
     0.296     0.288   999.416     7.961
     0.292     0.288   999.419     7.970
     0.289     0.288   999.423     7.979
     0.285     0.288   999.427     7.989
     0.281     0.288   999.430     7.999
     0.278     0.288   999.434     8.009
     0.274     0.288   999.437     8.018
     0.271     0.288   999.440     8.029
     0.268     0.288   999.444     8.040
     0.264     0.288   999.447     8.050
     0.261     0.288   999.451     8.061
     0.258     0.288   999.454     8.071
     0.255     0.288   999.457     8.082
     0.251     0.288   999.460     8.092
     0.248     0.288   999.463     8.101
     0.245     0.288   999.466     8.111
     0.242     0.288   999.469     8.121
     0.239     0.288   999.473     8.132
     0.236     0.288   999.476     8.141
     0.233     0.288   999.478     8.151
     0.230     0.288   999.481     8.161
     0.227     0.288   999.484     8.170
     0.225     0.288   999.487     8.179
     0.222     0.288   999.490     8.190
     0.219     0.288   999.493     8.200
     0.216     0.288   999.495     8.210
     0.214     0.288   999.498     8.220
     0.211     0.288   999.501     8.230
     0.208     0.288   999.503     8.239
     0.206     0.288   999.506     8.251
     0.203     0.288   999.509     8.260
     0.201     0.288   999.511     8.270
     0.198     0.288   999.514     8.279
     0.196     0.288   999.516     8.290
     0.193     0.288   999.519     8.300
     0.191     0.288   999.521     8.310
     0.188     0.288   999.523     8.320
     0.186     0.288   999.526     8.330
     0.184     0.288   999.528     8.339
     0.181     0.288   999.530     8.349
     0.179     0.288   999.533     8.359
     0.177     0.288   999.535     8.370
     0.175     0.288   999.537     8.379
     0.173     0.288   999.539     8.389
     0.170     0.288   999.542     8.399
     0.168     0.288   999.544     8.410
     0.166     0.288   999.546     8.419
     0.164     0.288   999.548     8.430
     0.162     0.288   999.550     8.440
     0.160     0.288   999.552     8.451
     0.158     0.288   999.554     8.461
     0.156     0.288   999.556     8.470
     0.154     0.288   999.558     8.480
     0.152     0.288   999.560     8.491
     0.150     0.288   999.562     8.500
     0.148     0.288   999.564     8.511
     0.147     0.288   999.565     8.521
     0.145     0.288   999.567     8.530
     0.143     0.288   999.569     8.540
     0.141     0.288   999.571     8.551
     0.139     0.288   999.573     8.562
     0.138     0.288   999.574     8.572
     0.136     0.288   999.576     8.582
     0.134     0.288   999.578     8.591
     0.133     0.288   999.579     8.601
     0.131     0.288   999.581     8.611
     0.129     0.288   999.583     8.621
     0.128     0.288   999.584     8.637
     0.126     0.288   999.586     8.647
     0.124     0.288   999.587     8.656
     0.123     0.288   999.589     8.666
     0.121     0.288   999.591     8.677
     0.120     0.288   999.592     8.686
     0.118     0.288   999.594     8.696
     0.117     0.288   999.595     8.706
     0.115     0.288   999.596     8.716
     0.114     0.288   999.598     8.725
     0.113     0.288   999.599     8.736
     0.111     0.288   999.601     8.746
     0.110     0.288   999.602     8.756
     0.108     0.288   999.604     8.765
     0.107     0.288   999.605     8.778
     0.106     0.288   999.606     8.787
     0.104     0.288   999.608     8.797
     0.103     0.288   999.609     8.806
     0.102     0.288   999.610     8.816
     0.101     0.288   999.611     8.825
     0.099     0.288   999.613     8.835
     0.098     0.288   999.614     8.844
     0.097     0.288   999.615     8.853
     0.096     0.288   999.616     8.862
     0.094     0.288   999.618     8.871
     0.093     0.288   999.619     8.881
     0.092     0.288   999.620     8.890
     0.091     0.288   999.621     8.899
     0.090     0.288   999.622     8.909
     0.089     0.288   999.623     8.918
     0.088     0.288   999.624     8.927
     0.087     0.288   999.625     8.937
     0.085     0.288   999.627     8.946
     0.084     0.288   999.628     8.956
     0.083     0.288   999.629     8.965
     0.082     0.288   999.630     8.974
     0.081     0.288   999.631     8.984
     0.080     0.288   999.632     8.993
     0.079     0.288   999.633     9.002
     0.078     0.288   999.634     9.011
     0.077     0.288   999.635     9.021
     0.076     0.288   999.636     9.030
     0.075     0.288   999.637     9.039
     0.074     0.288   999.638     9.048
     0.073     0.288   999.638     9.058
     0.073     0.288   999.639     9.067
     0.072     0.288   999.640     9.076
     0.071     0.288   999.641     9.086
     0.070     0.288   999.642     9.095
     0.069     0.288   999.643     9.104
     0.068     0.288   999.644     9.114
     0.067     0.288   999.645     9.123
     0.066     0.288   999.646     9.134
     0.066     0.288   999.646     9.145
     0.065     0.288   999.647     9.155
     0.064     0.288   999.648     9.165
     0.063     0.288   999.649     9.176
     0.062     0.288   999.650     9.186
     0.062     0.288   999.650     9.195
     0.061     0.288   999.651     9.205
     0.060     0.288   999.652     9.215
     0.059     0.288   999.653     9.225
     0.059     0.288   999.653     9.235
     0.058     0.288   999.654     9.245
     0.057     0.288   999.655     9.255
     0.056     0.288   999.656     9.265
     0.056     0.288   999.656     9.277
     0.055     0.288   999.657     9.287
     0.054     0.288   999.658     9.298
     0.054     0.288   999.658     9.307
     0.053     0.288   999.659     9.317
     0.052     0.288   999.660     9.326
     0.052     0.288   999.660     9.336
     0.051     0.288   999.661     9.346
     0.050     0.287   999.662     9.356
     0.050     0.287   999.662     9.368
     0.049     0.287   999.663     9.378
     0.049     0.287   999.663     9.388
     0.048     0.287   999.664     9.397
     0.047     0.287   999.665     9.407
     0.047     0.287   999.665     9.416
     0.046     0.287   999.666     9.426
     0.046     0.287   999.666     9.435
     0.045     0.287   999.667     9.445
     0.044     0.287   999.667     9.456
     0.044     0.287   999.668     9.466
     0.043     0.287   999.669     9.477
     0.043     0.287   999.669     9.487
     0.042     0.287   999.670     9.497
     0.042     0.287   999.670     9.507
     0.041     0.287   999.671     9.518
     0.041     0.287   999.671     9.527
     0.040     0.287   999.672     9.537
     0.040     0.287   999.672     9.547
     0.039     0.287   999.673     9.557
     0.039     0.287   999.673     9.568
     0.038     0.287   999.674     9.577
     0.038     0.287   999.674     9.592
     0.037     0.287   999.675     9.606
     0.037     0.287   999.675     9.621
     0.036     0.287   999.676     9.652
     0.036     0.287   999.676     9.664
     0.035     0.287   999.677     9.675
     0.035     0.287   999.677     9.685
     0.035     0.287   999.677     9.696
     0.034     0.287   999.678     9.707
     0.034     0.287   999.678     9.718
     0.033     0.287   999.679     9.729
     0.033     0.287   999.679     9.738
     0.033     0.287   999.680     9.749
     0.032     0.287   999.680     9.759
     0.032     0.287   999.680     9.769
     0.031     0.287   999.681     9.779
     0.031     0.287   999.681     9.789
     0.031     0.287   999.681     9.798
     0.030     0.287   999.682     9.808
     0.030     0.287   999.682     9.818
     0.029     0.287   999.683     9.829
     0.029     0.287   999.683     9.838
     0.029     0.287   999.683     9.848
     0.028     0.287   999.684     9.858
     0.028     0.287   999.684     9.868
     0.028     0.287   999.684     9.879
     0.027     0.287   999.685     9.890
     0.027     0.287   999.685     9.900
     0.027     0.287   999.685     9.911
     0.026     0.287   999.686     9.926
     0.026     0.287   999.686     9.939
     0.026     0.287   999.686     9.953
     0.025     0.287   999.687     9.970
     0.025     0.287   999.687     9.990
     0.025     0.287   999.687    10.008
     0.024     0.287   999.688    10.025
     0.024     0.287   999.688    10.040
     0.024     0.287   999.688    10.053
     0.023     0.287   999.689    10.070
     0.023     0.287   999.689    10.085
     0.023     0.287   999.689    10.099
     0.023     0.287   999.689    10.115
     0.022     0.287   999.690    10.128
     0.022     0.287   999.690    10.144
     0.022     0.287   999.690    10.160
     0.021     0.287   999.691    10.175
     0.021     0.287   999.691    10.190
     0.021     0.287   999.691    10.205
     0.021     0.287   999.691    10.219
     0.020     0.287   999.692    10.233
     0.020     0.287   999.692    10.246
     0.020     0.287   999.692    10.260
     0.020     0.287   999.692    10.276
     0.019     0.287   999.693    10.291
     0.019     0.287   999.693    10.305
     0.019     0.287   999.693    10.321
     0.019     0.287   999.693    10.335
     0.018     0.287   999.694    10.348
     0.018     0.287   999.694    10.363
     0.018     0.287   999.694    10.378
     0.018     0.287   999.694    10.392
     0.018     0.287   999.695    10.405
     0.017     0.287   999.695    10.419
     0.017     0.287   999.695    10.435
     0.017     0.287   999.695    10.448
     0.017     0.287   999.695    10.462
     0.017     0.287   999.696    10.476
     0.016     0.287   999.696    10.491
     0.016     0.287   999.696    10.505
     0.016     0.287   999.696    10.518
     0.016     0.287   999.696    10.533
     0.016     0.287   999.697    10.548
     0.015     0.287   999.697    10.565
     0.015     0.287   999.697    10.580
     0.015     0.287   999.697    10.596
     0.015     0.287   999.697    10.614
     0.015     0.287   999.697    10.630
     0.014     0.287   999.698    10.645
     0.014     0.287   999.698    10.659
     0.014     0.287   999.698    10.697
     0.014     0.287   999.698    10.717
     0.014     0.287   999.698    10.732
     0.014     0.287   999.699    10.762
     0.013     0.287   999.699    10.778
     0.013     0.287   999.699    10.793
     0.013     0.287   999.699    10.805
     0.013     0.287   999.699    10.818
     0.013     0.287   999.699    10.829
     0.013     0.287   999.700    10.840
     0.012     0.287   999.700    10.851
     0.012     0.287   999.700    10.863
     0.012     0.287   999.700    10.875
     0.012     0.287   999.700    10.886
     0.012     0.287   999.700    10.897
     0.012     0.287   999.701    10.908
     0.011     0.287   999.701    10.920
     0.011     0.287   999.701    10.931
     0.011     0.287   999.701    10.942
     0.011     0.287   999.701    10.953
     0.011     0.287   999.701    10.964
     0.011     0.287   999.701    10.976
     0.011     0.287   999.701    10.987
     0.011     0.287   999.702    11.000
     0.010     0.287   999.702    11.029
