     1.000   125.000     0.000     0.000
     1.025   124.950     0.025     0.023
     1.051   124.898     0.051     0.031
     1.077   124.845     0.077     0.035
     1.104   124.791     0.104     0.040
     1.132   124.736     0.132     0.045
     1.160   124.679     0.161     0.049
     1.189   124.621     0.190     0.054
     1.219   124.561     0.220     0.059
     1.250   124.500     0.251     0.063
     1.281   124.437     0.282     0.067
     1.313   124.373     0.314     0.072
     1.345   124.307     0.347     0.076
     1.379   124.240     0.381     0.081
     1.413   124.171     0.416     0.085
     1.448   124.100     0.451     0.089
     1.484   124.028     0.488     0.094
     1.521   123.954     0.525     0.098
     1.558   123.878     0.563     0.103
     1.597   123.800     0.603     0.107
     1.636   123.721     0.643     0.112
     1.677   123.639     0.684     0.117
     1.718   123.556     0.726     0.121
     1.760   123.471     0.769     0.125
     1.803   123.383     0.814     0.130
     1.847   123.294     0.859     0.134
     1.893   123.202     0.905     0.139
     1.939   123.108     0.953     0.142
     1.986   123.012     1.002     0.146
     2.034   122.914     1.052     0.151
     2.084   122.813     1.103     0.155
     2.134   122.710     1.155     0.160
     2.186   122.605     1.209     0.164
     2.239   122.497     1.264     0.168
     2.293   122.387     1.320     0.173
     2.348   122.274     1.378     0.177
     2.405   122.158     1.437     0.182
     2.462   122.040     1.498     0.186
     2.521   121.919     1.560     0.190
     2.582   121.795     1.623     0.195
     2.643   121.669     1.688     0.200
     2.706   121.539     1.754     0.204
     2.770   121.407     1.822     0.208
     2.836   121.272     1.892     0.213
     2.903   121.133     1.963     0.217
     2.972   120.992     2.036     0.221
     3.041   120.847     2.111     0.226
     3.113   120.700     2.188     0.230
     3.186   120.548     2.266     0.234
     3.260   120.394     2.346     0.238
     3.336   120.236     2.428     0.241
     3.413   120.075     2.512     0.248
     3.492   119.910     2.598     0.252
     3.573   119.741     2.686     0.261
     3.655   119.569     2.775     0.266
     3.739   119.394     2.867     0.270
     3.825   119.214     2.961     0.275
     3.912   119.031     3.058     0.280
     4.001   118.843     3.156     0.285
     4.091   118.652     3.256     0.289
     4.184   118.457     3.359     0.293
     4.278   118.258     3.465     0.298
     4.374   118.054     3.572     0.302
     4.471   117.847     3.682     0.306
     4.571   117.635     3.794     0.311
     4.672   117.419     3.909     0.316
     4.775   117.198     4.027     0.320
     4.880   116.973     4.147     0.324
     4.987   116.744     4.270     0.329
     5.095   116.510     4.395     0.333
     5.206   116.271     4.523     0.338
     5.318   116.028     4.654     0.342
     5.433   115.780     4.788     0.346
     5.549   115.527     4.924     0.350
     5.667   115.269     5.064     0.354
     5.787   115.007     5.206     0.358
     5.909   114.739     5.352     0.363
     6.033   114.466     5.500     0.367
     6.159   114.189     5.652     0.372
     6.287   113.906     5.806     0.376
     6.417   113.619     5.964     0.381
     6.549   113.326     6.126     0.386
     6.682   113.027     6.290     0.390
     6.818   112.724     6.458     0.395
     6.955   112.415     6.630     0.399
     7.095   112.101     6.804     0.403
     7.236   111.781     6.983     0.408
     7.379   111.457     7.164     0.412
     7.524   111.126     7.350     0.415
     7.671   110.790     7.539     0.420
     7.819   110.449     7.732     0.424
     7.970   110.102     7.928     0.428
     8.122   109.750     8.128     0.433
     8.276   109.392     8.332     0.437
     8.432   109.028     8.540     0.442
     8.589   108.659     8.752     0.446
     8.748   108.284     8.968     0.451
     8.909   107.904     9.187     0.455
     9.071   107.518     9.411     0.459
     9.235   107.126     9.639     0.464
     9.400   106.729     9.871     0.472
     9.566   106.327    10.107     0.477
     9.735   105.918    10.347     0.481
     9.904   105.504    10.592     0.486
    10.075   105.085    10.840     0.490
    10.247   104.660    11.093     0.495
    10.420   104.230    11.351     0.499
    10.594   103.794    11.612     0.504
    10.769   103.353    11.878     0.509
    10.945   102.906    12.148     0.513
    11.122   102.454    12.423     0.518
    11.300   101.997    12.702     0.523
    11.479   101.535    12.986     0.527
    11.658   101.067    13.274     0.532
    11.838   100.595    13.567     0.536
    12.019   100.117    13.864     0.543
    12.200    99.635    14.165     0.547
    12.381    99.147    14.472     0.552
    12.563    98.655    14.782     0.556
    12.744    98.158    15.098     0.561
    12.926    97.656    15.417     0.565
    13.108    97.150    15.742     0.570
    13.290    96.640    16.071     0.575
    13.471    96.125    16.404     0.578
    13.652    95.606    16.742     0.583
    13.833    95.083    17.084     0.587
    14.013    94.556    17.431     0.592
    14.192    94.025    17.783     0.595
    14.371    93.490    18.139     0.600
    14.549    92.952    18.499     0.604
    14.726    92.410    18.864     0.609
    14.902    91.865    19.233     0.614
    15.077    91.316    19.607     0.618
    15.250    90.765    19.985     0.622
    15.422    90.210    20.367     0.626
    15.593    89.653    20.754     0.631
    15.762    89.093    21.145     0.634
    15.929    88.531    21.540     0.639
    16.094    87.966    21.939     0.644
    16.258    87.400    22.343     0.649
    16.419    86.831    22.750     0.653
    16.578    86.260    23.162     0.658
    16.735    85.688    23.577     0.663
    16.890    85.114    23.996     0.667
    17.042    84.538    24.420     0.672
    17.192    83.962    24.847     0.677
    17.338    83.384    25.277     0.681
    17.483    82.806    25.712     0.685
    17.624    82.226    26.150     0.690
    17.762    81.647    26.591     0.693
    17.897    81.066    27.036     0.696
    18.030    80.486    27.484     0.700
    18.158    79.906    27.936     0.704
    18.284    79.325    28.391     0.708
    18.406    78.745    28.849     0.712
    18.525    78.166    29.310     0.717
    18.640    77.587    29.773     0.721
    18.752    77.008    30.240     0.725
    18.859    76.431    30.710     0.729
    18.964    75.855    31.182     0.734
    19.064    75.280    31.656     0.738
    19.160    74.706    32.134     0.742
    19.253    74.134    32.613     0.746
    19.341    73.563    33.095     0.749
    19.426    72.995    33.579     0.756
    19.507    72.428    34.065     0.761
    19.583    71.863    34.554     0.765
    19.655    71.301    35.044     0.770
    19.723    70.741    35.535     0.774
    19.787    70.184    36.029     0.779
    19.847    69.629    36.524     0.783
    19.903    69.077    37.021     0.788
    19.954    68.528    37.518     0.792
    20.001    67.981    38.018     0.796
    20.044    67.438    38.518     0.801
    20.082    66.899    39.019     0.805
    20.116    66.362    39.522     0.810
    20.146    65.829    40.025     0.814
    20.172    65.299    40.528     0.819
    20.194    64.773    41.033     0.824
    20.211    64.251    41.538     0.829
    20.224    63.733    42.043     0.833
    20.233    63.218    42.549     0.838
    20.238    62.708    43.055     0.843
    20.238    62.201    43.561     0.848
    20.235    61.698    44.067     0.852
    20.227    61.200    44.572     0.857
    20.216    60.706    45.078     0.862
    20.200    60.216    45.583     0.866
    20.181    59.731    46.088     0.871
    20.157    59.250    46.593     0.876
    20.130    58.773    47.096     0.880
    20.099    58.301    47.599     0.885
    20.065    57.834    48.102     0.890
    20.026    57.371    48.603     0.894
    19.984    56.912    49.103     0.899
    19.939    56.458    49.603     0.904
    19.890    56.009    50.101     0.908
    19.837    55.565    50.598     0.912
    19.781    55.125    51.093     0.916
    19.722    54.690    51.588     0.927
    19.660    54.260    52.080     0.931
    19.594    53.835    52.571     0.936
    19.525    53.414    53.061     0.940
    19.454    52.998    53.548     0.945
    19.379    52.587    54.034     0.950
    19.301    52.180    54.518     0.954
    19.221    51.779    55.000     0.958
    19.138    51.382    55.480     0.963
    19.052    50.990    55.958     0.968
    18.964    50.602    56.434     0.973
    18.873    50.220    56.907     0.977
    18.779    49.842    57.379     0.981
    18.684    49.469    57.848     0.986
    18.586    49.100    58.314     0.990
    18.486    48.736    58.778     0.994
    18.383    48.377    59.240     0.998
    18.279    48.022    59.698     1.003
    18.173    47.673    60.155     1.008
    18.064    47.327    60.608     1.012
    17.954    46.986    61.059     1.016
    17.842    46.650    61.507     1.020
    17.729    46.318    61.953     1.023
    17.614    45.991    62.395     1.026
    17.497    45.668    62.835     1.031
    17.379    45.350    63.272     1.035
    17.259    45.035    63.705     1.039
    17.138    44.726    64.136     1.043
    17.016    44.420    64.564     1.047
    16.893    44.119    64.988     1.052
    16.768    43.822    65.410     1.057
    16.643    43.529    65.828     1.062
    16.516    43.240    66.243     1.067
    16.389    42.956    66.656     1.071
    16.261    42.675    67.064     1.076
    16.131    42.398    67.470     1.079
    16.001    42.126    67.873     1.084
    15.871    41.857    68.272     1.088
    15.740    41.592    68.668     1.093
    15.608    41.332    69.060     1.097
    15.476    41.075    69.450     1.102
    15.343    40.821    69.836     1.107
    15.210    40.572    70.219     1.112
    15.076    40.326    70.598     1.116
    14.942    40.083    70.974     1.121
    14.808    39.845    71.347     1.125
    14.674    39.610    71.716     1.130
    14.540    39.378    72.082     1.134
    14.405    39.150    72.445     1.137
    14.271    38.925    72.804     1.141
    14.136    38.704    73.160     1.145
    14.002    38.486    73.512     1.149
    13.867    38.271    73.862     1.153
    13.733    38.060    74.207     1.158
    13.599    37.851    74.550     1.163
    13.465    37.646    74.889     1.166
    13.331    37.444    75.225     1.170
    13.197    37.245    75.557     1.174
    13.064    37.050    75.886     1.177
    12.931    36.857    76.212     1.182
    12.799    36.667    76.534     1.187
    12.666    36.480    76.854     1.191
    12.535    36.296    77.169     1.195
    12.403    36.115    77.482     1.198
    12.273    35.936    77.791     1.205
    12.142    35.760    78.097     1.210
    12.013    35.587    78.400     1.214
    11.883    35.417    78.699     1.219
    11.755    35.249    78.996     1.223
    11.627    35.084    79.289     1.227
    11.500    34.922    79.579     1.232
    11.373    34.762    79.865     1.236
    11.247    34.604    80.149     1.240
    11.122    34.449    80.429     1.245
    10.997    34.297    80.706     1.250
    10.873    34.146    80.980     1.255
    10.750    33.998    81.252     1.259
    10.628    33.853    81.519     1.264
    10.506    33.709    81.784     1.269
    10.385    33.568    82.046     1.273
    10.265    33.429    82.305     1.278
    10.146    33.293    82.561     1.282
    10.028    33.158    82.814     1.287
     9.910    33.026    83.064     1.292
     9.794    32.895    83.311     1.296
     9.678    32.767    83.555     1.301
     9.563    32.641    83.796     1.305
     9.449    32.516    84.035     1.309
     9.336    32.394    84.270     1.314
     9.224    32.273    84.503     1.318
     9.113    32.155    84.733     1.322
     9.002    32.038    84.960     1.326
     8.893    31.923    85.184     1.331
     8.784    31.810    85.406     1.336
     8.677    31.699    85.625     1.340
     8.570    31.589    85.841     1.345
     8.464    31.481    86.054     1.350
     8.359    31.375    86.265     1.354
     8.256    31.271    86.474     1.359
     8.153    31.168    86.679     1.363
     8.051    31.067    86.883     1.370
     7.950    30.967    87.083     1.374
     7.850    30.869    87.281     1.379
     7.751    30.772    87.477     1.384
     7.653    30.677    87.670     1.389
     7.555    30.584    87.861     1.393
     7.459    30.492    88.049     1.398
     7.364    30.401    88.235     1.403
     7.270    30.312    88.418     1.407
     7.176    30.224    88.599     1.412
     7.084    30.138    88.778     1.417
     6.992    30.053    88.955     1.421
     6.902    29.969    89.129     1.426
     6.812    29.887    89.301     1.430
     6.724    29.805    89.471     1.435
     6.636    29.726    89.638     1.439
     6.549    29.647    89.804     1.443
     6.463    29.570    89.967     1.448
     6.378    29.494    90.128     1.452
     6.295    29.419    90.287     1.457
     6.211    29.345    90.444     1.462
     6.129    29.272    90.598     1.467
     6.048    29.201    90.751     1.471
     5.968    29.130    90.902     1.476
     5.888    29.061    91.050     1.480
     5.810    28.993    91.197     1.485
     5.732    28.926    91.342     1.489
     5.655    28.860    91.485     1.494
     5.580    28.795    91.626     1.499
     5.505    28.731    91.765     1.503
     5.430    28.668    91.902     1.508
     5.357    28.606    92.037     1.512
     5.285    28.545    92.171     1.516
     5.213    28.485    92.302     1.520
     5.142    28.425    92.432     1.525
     5.073    28.367    92.560     1.528
     5.003    28.310    92.687     1.533
     4.935    28.253    92.811     1.537
     4.868    28.198    92.934     1.542
     4.801    28.143    93.055     1.546
     4.736    28.089    93.175     1.551
     4.671    28.036    93.293     1.555
     4.606    27.984    93.409     1.560
     4.543    27.933    93.524     1.564
     4.480    27.882    93.637     1.569
     4.418    27.832    93.749     1.573
     4.357    27.784    93.859     1.578
     4.297    27.735    93.968     1.582
     4.238    27.688    94.075     1.587
     4.179    27.641    94.180     1.591
     4.121    27.595    94.284     1.595
     4.063    27.550    94.387     1.600
     4.007    27.505    94.488     1.604
     3.951    27.461    94.588     1.609
     3.896    27.418    94.686     1.613
     3.841    27.375    94.783     1.617
     3.787    27.334    94.879     1.621
     3.734    27.292    94.973     1.626
     3.682    27.252    95.066     1.631
     3.630    27.212    95.158     1.635
     3.579    27.172    95.249     1.640
     3.529    27.134    95.338     1.644
     3.479    27.095    95.426     1.649
     3.430    27.058    95.512     1.653
     3.381    27.021    95.598     1.658
     3.333    26.985    95.682     1.663
     3.286    26.949    95.765     1.667
     3.240    26.913    95.847     1.671
     3.194    26.879    95.928     1.675
     3.148    26.844    96.007     1.680
     3.104    26.811    96.085     1.685
     3.059    26.778    96.163     1.689
     3.016    26.745    96.239     1.693
     2.973    26.713    96.314     1.697
     2.930    26.681    96.388     1.702
     2.889    26.650    96.461     1.706
     2.847    26.619    96.533     1.710
     2.807    26.589    96.604     1.715
     2.766    26.559    96.674     1.719
     2.727    26.530    96.743     1.723
     2.688    26.501    96.811     1.727
     2.649    26.473    96.878     1.731
     2.611    26.445    96.944     1.736
     2.574    26.418    97.009     1.740
     2.537    26.390    97.073     1.744
     2.500    26.364    97.136     1.749
     2.464    26.338    97.198     1.753
     2.429    26.312    97.260     1.757
     2.394    26.286    97.320     1.762
     2.359    26.261    97.380     1.766
     2.325    26.236    97.439     1.771
     2.291    26.212    97.496     1.775
     2.258    26.188    97.554     1.780
     2.225    26.165    97.610     1.784
     2.193    26.141    97.665     1.789
     2.161    26.119    97.720     1.793
     2.130    26.096    97.774     1.798
     2.099    26.074    97.827     1.802
     2.069    26.052    97.879     1.807
     2.039    26.031    97.931     1.812
     2.009    26.010    97.981     1.819
     1.980    25.989    98.031     1.823
     1.951    25.968    98.081     1.828
     1.923    25.948    98.129     1.832
     1.895    25.928    98.177     1.837
     1.867    25.909    98.224     1.841
     1.840    25.889    98.271     1.845
     1.813    25.870    98.317     1.850
     1.786    25.852    98.362     1.854
     1.760    25.833    98.406     1.859
     1.735    25.815    98.450     1.864
     1.709    25.797    98.493     1.868
     1.684    25.780    98.536     1.873
     1.660    25.762    98.578     1.877
     1.635    25.745    98.619     1.882
     1.611    25.729    98.660     1.886
     1.588    25.712    98.700     1.891
     1.564    25.696    98.740     1.895
     1.541    25.680    98.779     1.899
     1.519    25.664    98.817     1.904
     1.497    25.649    98.855     1.908
     1.475    25.633    98.892     1.912
     1.453    25.618    98.929     1.915
     1.432    25.603    98.965     1.920
     1.411    25.589    99.001     1.925
     1.390    25.574    99.036     1.929
     1.369    25.560    99.070     1.934
     1.349    25.546    99.104     1.938
     1.329    25.533    99.138     1.942
     1.310    25.519    99.171     1.947
     1.290    25.506    99.204     1.950
     1.271    25.493    99.236     1.955
     1.253    25.480    99.268     1.959
     1.234    25.467    99.299     1.964
     1.216    25.454    99.330     1.969
     1.198    25.442    99.360     1.973
     1.180    25.430    99.390     1.977
     1.163    25.418    99.419     1.982
     1.146    25.406    99.448     1.987
     1.129    25.395    99.477     1.991
     1.112    25.383    99.505     1.996
     1.096    25.372    99.532     2.001
     1.079    25.361    99.560     2.005
     1.063    25.350    99.587     2.008
     1.048    25.339    99.613     2.012
     1.032    25.329    99.639     2.016
     1.017    25.318    99.665     2.020
     1.002    25.308    99.690     2.023
     0.987    25.298    99.715     2.026
     0.972    25.288    99.740     2.030
     0.958    25.278    99.764     2.034
     0.944    25.268    99.788     2.039
     0.930    25.259    99.811     2.044
     0.916    25.250    99.834     2.047
     0.902    25.240    99.857     2.052
     0.889    25.231    99.880     2.056
     0.876    25.222    99.902     2.060
     0.863    25.214    99.924     2.065
     0.850    25.205    99.945     2.069
     0.837    25.196    99.966     2.073
     0.825    25.188    99.987     2.078
     0.813    25.180   100.008     2.082
     0.800    25.172   100.028     2.087
     0.789    25.164   100.048     2.091
     0.777    25.156   100.068     2.096
     0.765    25.148   100.087     2.100
     0.754    25.140   100.106     2.105
     0.743    25.133   100.125     2.109
     0.732    25.125   100.143     2.113
     0.721    25.118   100.161     2.118
     0.710    25.111   100.179     2.129
     0.699    25.104   100.197     2.139
     0.689    25.097   100.214     2.143
     0.679    25.090   100.232     2.147
     0.669    25.083   100.249     2.150
     0.659    25.076   100.265     2.155
     0.649    25.070   100.282     2.159
     0.639    25.063   100.298     2.165
     0.630    25.057   100.314     2.169
     0.620    25.050   100.329     2.174
     0.611    25.044   100.345     2.183
     0.602    25.038   100.360     2.189
     0.593    25.032   100.375     2.196
     0.584    25.026   100.390     2.207
     0.575    25.020   100.404     2.213
     0.567    25.015   100.419     2.219
     0.558    25.009   100.433     2.225
     0.550    25.003   100.447     2.230
     0.542    24.998   100.460     2.235
     0.534    24.993   100.474     2.240
     0.526    24.987   100.487     2.244
     0.518    24.982   100.500     2.247
     0.510    24.977   100.513     2.251
     0.502    24.972   100.526     2.256
     0.495    24.967   100.538     2.259
     0.487    24.962   100.551     2.263
     0.480    24.957   100.563     2.267
     0.473    24.952   100.575     2.271
     0.466    24.948   100.587     2.276
     0.459    24.943   100.598     2.280
     0.452    24.938   100.610     2.290
     0.445    24.934   100.621     2.295
     0.439    24.929   100.632     2.300
     0.432    24.925   100.643     2.305
     0.426    24.921   100.654     2.310
     0.419    24.917   100.664     2.313
     0.413    24.912   100.675     2.317
     0.407    24.908   100.685     2.321
     0.401    24.904   100.695     2.326
     0.395    24.900   100.705     2.330
     0.389    24.896   100.715     2.334
     0.383    24.893   100.725     2.339
     0.377    24.889   100.734     2.342
     0.372    24.885   100.743     2.347
     0.366    24.881   100.753     2.352
     0.360    24.878   100.762     2.356
     0.355    24.874   100.771     2.361
     0.350    24.871   100.780     2.365
     0.344    24.867   100.788     2.368
     0.339    24.864   100.797     2.372
     0.334    24.860   100.805     2.376
     0.329    24.857   100.814     2.380
     0.324    24.854   100.822     2.384
     0.319    24.851   100.830     2.389
     0.315    24.847   100.838     2.393
     0.310    24.844   100.846     2.398
     0.305    24.841   100.854     2.402
     0.301    24.838   100.861     2.406
     0.296    24.835   100.869     2.411
     0.292    24.832   100.876     2.416
     0.287    24.829   100.883     2.419
     0.283    24.827   100.890     2.423
     0.279    24.824   100.897     2.426
     0.275    24.821   100.904     2.431
     0.270    24.818   100.911     2.436
     0.266    24.816   100.918     2.439
     0.262    24.813   100.925     2.444
     0.258    24.810   100.931     2.447
     0.255    24.808   100.938     2.451
     0.251    24.805   100.944     2.454
     0.247    24.803   100.950     2.459
     0.243    24.800   100.956     2.463
     0.240    24.798   100.962     2.468
     0.236    24.796   100.968     2.472
     0.232    24.793   100.974     2.475
     0.229    24.791   100.980     2.481
     0.226    24.789   100.986     2.491
     0.222    24.787   100.991     2.498
     0.219    24.784   100.997     2.504
     0.216    24.782   101.002     2.510
     0.212    24.780   101.008     2.514
     0.209    24.778   101.013     2.518
     0.206    24.776   101.018     2.524
     0.203    24.774   101.023     2.530
     0.200    24.772   101.028     2.538
     0.197    24.770   101.033     2.545
     0.194    24.768   101.038     2.551
     0.191    24.766   101.043     2.558
     0.188    24.764   101.048     2.565
     0.185    24.762   101.052     2.571
     0.182    24.760   101.057     2.576
     0.180    24.759   101.062     2.583
     0.177    24.757   101.066     2.589
     0.174    24.755   101.071     2.594
     0.172    24.753   101.075     2.601
     0.169    24.752   101.079     2.606
     0.167    24.750   101.083     2.613
     0.164    24.748   101.088     2.620
     0.162    24.747   101.092     2.625
     0.159    24.745   101.096     2.632
     0.157    24.744   101.100     2.637
     0.154    24.742   101.103     2.642
     0.152    24.741   101.107     2.647
     0.150    24.739   101.111     2.655
     0.148    24.738   101.115     2.662
     0.145    24.736   101.118     2.669
     0.143    24.735   101.122     2.675
     0.141    24.733   101.126     2.683
     0.139    24.732   101.129     2.690
     0.137    24.731   101.133     2.697
     0.135    24.729   101.136     2.704
     0.133    24.728   101.139     2.711
     0.131    24.727   101.143     2.715
     0.129    24.725   101.146     2.719
     0.127    24.724   101.149     2.723
     0.125    24.723   101.152     2.728
     0.123    24.721   101.155     2.733
     0.121    24.720   101.159     2.736
     0.119    24.719   101.162     2.741
     0.118    24.718   101.165     2.746
     0.116    24.717   101.167     2.750
     0.114    24.716   101.170     2.754
     0.112    24.714   101.173     2.759
     0.111    24.713   101.176     2.763
     0.109    24.712   101.179     2.767
     0.107    24.711   101.181     2.771
     0.106    24.710   101.184     2.775
     0.104    24.709   101.187     2.781
     0.103    24.708   101.189     2.784
     0.101    24.707   101.192     2.788
     0.099    24.706   101.194     2.801
     0.098    24.705   101.197     2.805
     0.097    24.704   101.199     2.810
     0.095    24.703   101.202     2.814
     0.094    24.702   101.204     2.818
     0.092    24.701   101.206     2.822
     0.091    24.700   101.209     2.827
     0.089    24.700   101.211     2.831
     0.088    24.699   101.213     2.835
     0.087    24.698   101.215     2.838
     0.085    24.697   101.218     2.847
     0.084    24.696   101.220     2.857
     0.083    24.695   101.222     2.863
     0.082    24.694   101.224     2.869
     0.080    24.694   101.226     2.876
     0.079    24.693   101.228     2.882
     0.078    24.692   101.230     2.887
     0.077    24.691   101.232     2.892
     0.076    24.691   101.234     2.896
     0.075    24.690   101.236     2.903
     0.073    24.689   101.237     2.908
     0.072    24.688   101.239     2.913
     0.071    24.688   101.241     2.918
     0.070    24.687   101.243     2.923
     0.069    24.686   101.245     2.927
     0.068    24.686   101.246     2.931
     0.067    24.685   101.248     2.936
     0.066    24.684   101.250     2.941
     0.065    24.684   101.251     2.945
     0.064    24.683   101.253     2.949
     0.063    24.682   101.255     2.954
     0.062    24.682   101.256     2.961
     0.061    24.681   101.258     2.966
     0.060    24.680   101.259     2.973
     0.059    24.680   101.261     2.979
     0.058    24.679   101.262     2.985
     0.058    24.679   101.264     2.990
     0.057    24.678   101.265     3.003
     0.056    24.678   101.266     3.008
     0.055    24.677   101.268     3.016
     0.054    24.677   101.269     3.021
     0.053    24.676   101.271     3.027
     0.053    24.675   101.272     3.034
     0.052    24.675   101.273     3.041
     0.051    24.674   101.275     3.047
     0.050    24.674   101.276     3.053
     0.049    24.673   101.277     3.064
     0.049    24.673   101.278     3.070
     0.048    24.672   101.280     3.077
     0.047    24.672   101.281     3.083
     0.047    24.672   101.282     3.089
     0.046    24.671   101.283     3.097
     0.045    24.671   101.284     3.102
     0.044    24.670   101.285     3.109
     0.044    24.670   101.286     3.115
     0.043    24.669   101.287     3.120
     0.043    24.669   101.289     3.128
     0.042    24.668   101.290     3.134
     0.041    24.668   101.291     3.139
     0.041    24.668   101.292     3.147
     0.040    24.667   101.293     3.154
     0.039    24.667   101.294     3.161
     0.039    24.666   101.295     3.168
     0.038    24.666   101.296     3.174
     0.038    24.666   101.297     3.181
     0.037    24.665   101.298     3.189
     0.037    24.665   101.298     3.196
     0.036    24.665   101.299     3.203
     0.035    24.664   101.300     3.209
     0.035    24.664   101.301     3.216
     0.034    24.664   101.302     3.221
     0.034    24.663   101.303     3.226
     0.033    24.663   101.304     3.232
     0.033    24.663   101.305     3.237
     0.032    24.662   101.305     3.242
     0.032    24.662   101.306     3.249
     0.031    24.662   101.307     3.254
     0.031    24.661   101.308     3.260
     0.030    24.661   101.309     3.266
     0.030    24.661   101.309     3.271
     0.030    24.660   101.310     3.276
     0.029    24.660   101.311     3.281
     0.029    24.660   101.311     3.285
     0.028    24.660   101.312     3.290
     0.028    24.659   101.313     3.297
     0.027    24.659   101.314     3.301
     0.027    24.659   101.314     3.305
     0.027    24.658   101.315     3.310
     0.026    24.658   101.316     3.314
     0.026    24.658   101.316     3.319
     0.025    24.658   101.317     3.323
     0.025    24.657   101.318     3.331
     0.025    24.657   101.318     3.336
     0.024    24.657   101.319     3.340
     0.024    24.657   101.319     3.344
     0.024    24.657   101.320     3.349
     0.023    24.656   101.321     3.353
     0.023    24.656   101.321     3.358
     0.022    24.656   101.322     3.362
     0.022    24.656   101.322     3.369
     0.022    24.655   101.323     3.386
     0.021    24.655   101.323     3.391
     0.021    24.655   101.324     3.398
     0.021    24.655   101.324     3.402
     0.021    24.655   101.325     3.406
     0.020    24.654   101.325     3.411
     0.020    24.654   101.326     3.415
     0.020    24.654   101.326     3.420
     0.019    24.654   101.327     3.424
     0.019    24.654   101.327     3.429
     0.019    24.653   101.328     3.436
     0.018    24.653   101.328     3.442
     0.018    24.653   101.329     3.445
     0.018    24.653   101.329     3.451
     0.018    24.653   101.330     3.454
     0.017    24.652   101.330     3.459
     0.017    24.652   101.331     3.464
     0.017    24.652   101.331     3.469
     0.017    24.652   101.331     3.473
     0.016    24.652   101.332     3.478
     0.016    24.652   101.332     3.482
     0.016    24.652   101.333     3.487
     0.016    24.651   101.333     3.491
     0.015    24.651   101.333     3.496
     0.015    24.651   101.334     3.500
     0.015    24.651   101.334     3.505
     0.015    24.651   101.335     3.510
     0.014    24.651   101.335     3.517
     0.014    24.650   101.335     3.524
     0.014    24.650   101.336     3.529
     0.014    24.650   101.336     3.533
     0.014    24.650   101.336     3.538
     0.013    24.650   101.337     3.542
     0.013    24.650   101.337     3.546
     0.013    24.650   101.337     3.551
     0.013    24.650   101.338     3.558
     0.013    24.649   101.338     3.563
     0.012    24.649   101.338     3.567
     0.012    24.649   101.339     3.572
     0.012    24.649   101.339     3.577
     0.012    24.649   101.339     3.582
     0.012    24.649   101.339     3.589
     0.012    24.649   101.340     3.593
     0.011    24.649   101.340     3.598
     0.011    24.648   101.340     3.602
     0.011    24.648   101.341     3.608
     0.011    24.648   101.341     3.613
     0.011    24.648   101.341     3.625
     0.011    24.648   101.341     3.630
     0.010    24.648   101.342     3.637
     0.010    24.648   101.342     3.642
     0.010    24.648   101.342     3.647
     0.010    24.648   101.342     3.654
     0.010    24.648   101.343     3.661
     0.010    24.647   101.343     3.668
     0.009    24.647   101.343     3.674
     0.009    24.647   101.343     3.681
     0.009    24.647   101.344     3.689
     0.009    24.647   101.344     3.696
     0.009    24.647   101.344     3.701
     0.009    24.647   101.344     3.706
     0.009    24.647   101.345     3.710
     0.008    24.647   101.345     3.714
     0.008    24.647   101.345     3.719
     0.008    24.647   101.345     3.723
     0.008    24.646   101.345     3.728
     0.008    24.646   101.346     3.733
     0.008    24.646   101.346     3.738
     0.008    24.646   101.346     3.742
     0.008    24.646   101.346     3.746
     0.008    24.646   101.346     3.750
     0.007    24.646   101.347     3.755
     0.007    24.646   101.347     3.759
     0.007    24.646   101.347     3.764
     0.007    24.646   101.347     3.769
     0.007    24.646   101.347     3.773
     0.007    24.646   101.347     3.777
     0.007    24.646   101.348     3.782
     0.007    24.646   101.348     3.789
     0.007    24.645   101.348     3.796
     0.006    24.645   101.348     3.800
     0.006    24.645   101.348     3.805
     0.006    24.645   101.348     3.809
     0.006    24.645   101.349     3.813
     0.006    24.645   101.349     3.818
     0.006    24.645   101.349     3.822
     0.006    24.645   101.349     3.827
     0.006    24.645   101.349     3.831
     0.006    24.645   101.349     3.838
     0.006    24.645   101.349     3.842
     0.006    24.645   101.350     3.848
     0.005    24.645   101.350     3.852
     0.005    24.645   101.350     3.856
     0.005    24.645   101.350     3.860
     0.005    24.645   101.350     3.865
     0.005    24.645   101.350     3.869
     0.005    24.644   101.350     3.873
     0.005    24.644   101.351     3.879
     0.005    24.644   101.351     3.885
     0.005    24.644   101.351     3.892
     0.005    24.644   101.351     3.904
     0.005    24.644   101.351     3.909
     0.005    24.644   101.351     3.913
     0.005    24.644   101.351     3.917
     0.004    24.644   101.351     3.921
     0.004    24.644   101.351     3.925
     0.004    24.644   101.352     3.929
     0.004    24.644   101.352     3.936
     0.004    24.644   101.352     3.943
     0.004    24.644   101.352     3.949
     0.004    24.644   101.352     3.957
     0.004    24.644   101.352     3.962
     0.004    24.644   101.352     3.969
     0.004    24.644   101.352     3.977
     0.004    24.644   101.352     3.981
     0.004    24.644   101.353     3.986
     0.004    24.644   101.353     3.991
     0.004    24.644   101.353     3.996
     0.004    24.644   101.353     4.001
     0.004    24.644   101.353     4.007
     0.004    24.643   101.353     4.013
     0.003    24.643   101.353     4.018
     0.003    24.643   101.353     4.023
     0.003    24.643   101.353     4.030
     0.003    24.643   101.353     4.036
     0.003    24.643   101.353     4.041
     0.003    24.643   101.353     4.045
     0.003    24.643   101.354     4.050
     0.003    24.643   101.354     4.055
     0.003    24.643   101.354     4.060
     0.003    24.643   101.354     4.064
     0.003    24.643   101.354     4.073
     0.003    24.643   101.354     4.077
     0.003    24.643   101.354     4.082
     0.003    24.643   101.354     4.087
     0.003    24.643   101.354     4.091
     0.003    24.643   101.354     4.095
     0.003    24.643   101.354     4.100
     0.003    24.643   101.354     4.105
     0.003    24.643   101.354     4.109
     0.003    24.643   101.354     4.113
     0.003    24.643   101.354     4.118
     0.003    24.643   101.355     4.122
     0.002    24.643   101.355     4.127
     0.002    24.643   101.355     4.132
     0.002    24.643   101.355     4.136
     0.002    24.643   101.355     4.140
     0.002    24.643   101.355     4.145
     0.002    24.643   101.355     4.151
     0.002    24.643   101.355     4.155
     0.002    24.643   101.355     4.159
     0.002    24.643   101.355     4.164
     0.002    24.643   101.355     4.168
     0.002    24.643   101.355     4.173
     0.002    24.643   101.355     4.178
     0.002    24.643   101.355     4.182
     0.002    24.643   101.355     4.186
     0.002    24.643   101.355     4.191
     0.002    24.642   101.356     4.194
     0.002    24.642   101.356     4.198
     0.002    24.642   101.356     4.202
     0.002    24.642   101.356     4.207
     0.002    24.642   101.356     4.211
     0.002    24.642   101.356     4.215
     0.002    24.642   101.356     4.220
     0.002    24.642   101.356     4.224
     0.002    24.642   101.356     4.228
     0.002    24.642   101.356     4.231
     0.002    24.642   101.356     4.235
     0.002    24.642   101.356     4.240
     0.002    24.642   101.356     4.244
     0.002    24.642   101.356     4.249
     0.002    24.642   101.356     4.253
     0.002    24.642   101.356     4.257
     0.002    24.642   101.356     4.262
     0.002    24.642   101.356     4.265
     0.002    24.642   101.356     4.270
     0.001    24.642   101.356     4.275
     0.001    24.642   101.356     4.280
     0.001    24.642   101.356     4.284
     0.001    24.642   101.356     4.288
     0.001    24.642   101.357     4.292
     0.001    24.642   101.357     4.296
     0.001    24.642   101.357     4.301
     0.001    24.642   101.357     4.306
     0.001    24.642   101.357     4.310
     0.001    24.642   101.357     4.314
     0.001    24.642   101.357     4.319
     0.001    24.642   101.357     4.323
     0.001    24.642   101.357     4.328
     0.001    24.642   101.357     4.333
     0.001    24.642   101.357     4.337
     0.001    24.642   101.357     4.342
     0.001    24.642   101.357     4.346
     0.001    24.642   101.357     4.350
     0.001    24.642   101.357     4.355
     0.001    24.642   101.357     4.359
     0.001    24.642   101.357     4.363
     0.001    24.642   101.357     4.368
     0.001    24.642   101.357     4.372
     0.001    24.642   101.357     4.380
     0.001    24.642   101.357     4.387
     0.001    24.642   101.357     4.392
     0.001    24.642   101.357     4.396
     0.001    24.642   101.357     4.401
     0.001    24.642   101.357     4.405
     0.001    24.642   101.357     4.409
     0.001    24.642   101.357     4.414
     0.001    24.642   101.357     4.417
     0.001    24.642   101.357     4.422
     0.001    24.642   101.357     4.427
     0.001    24.642   101.357     4.431
     0.001    24.642   101.357     4.435
     0.001    24.642   101.357     4.439
     0.001    24.642   101.357     4.444
     0.001    24.642   101.357     4.448
     0.001    24.642   101.357     4.453
     0.001    24.642   101.357     4.457
     0.001    24.642   101.358     4.461
     0.001    24.642   101.358     4.465
     0.001    24.642   101.358     4.470
     0.001    24.642   101.358     4.473
     0.001    24.642   101.358     4.477
     0.001    24.642   101.358     4.482
     0.001    24.642   101.358     4.487
     0.001    24.642   101.358     4.491
     0.001    24.642   101.358     4.495
     0.001    24.642   101.358     4.500
     0.001    24.642   101.358     4.503
     0.001    24.642   101.358     4.508
     0.001    24.642   101.358     4.512
     0.001    24.642   101.358     4.516
     0.001    24.642   101.358     4.521
     0.001    24.642   101.358     4.525
     0.001    24.642   101.358     4.530
     0.001    24.642   101.358     4.534
     0.001    24.642   101.358     4.538
     0.001    24.642   101.358     4.543
     0.001    24.642   101.358     4.548
     0.001    24.642   101.358     4.553
     0.001    24.642   101.358     4.557
     0.001    24.642   101.358     4.566
     0.001    24.642   101.358     4.571
     0.001    24.642   101.358     4.578
     0.001    24.642   101.358     4.582
     0.001    24.642   101.358     4.587
     0.001    24.642   101.358     4.593
     0.001    24.642   101.358     4.597
     0.001    24.642   101.358     4.600
     0.000    24.642   101.358     4.605
     0.000    24.642   101.358     4.610
     0.000    24.642   101.358     4.614
     0.000    24.641   101.358     4.620
     0.000    24.641   101.358     4.624
     0.000    24.641   101.358     4.629
     0.000    24.641   101.358     4.635
     0.000    24.641   101.358     4.640
     0.000    24.641   101.358     4.645
     0.000    24.641   101.358     4.649
     0.000    24.641   101.358     4.654
     0.000    24.641   101.358     4.659
     0.000    24.641   101.358     4.663
     0.000    24.641   101.358     4.668
     0.000    24.641   101.358     4.672
     0.000    24.641   101.358     4.677
     0.000    24.641   101.358     4.681
     0.000    24.641   101.358     4.686
     0.000    24.641   101.358     4.691
     0.000    24.641   101.358     4.698
     0.000    24.641   101.358     4.704
     0.000    24.641   101.358     4.708
     0.000    24.641   101.358     4.716
     0.000    24.641   101.358     4.721
     0.000    24.641   101.358     4.725
     0.000    24.641   101.358     4.730
     0.000    24.641   101.358     4.735
     0.000    24.641   101.358     4.742
     0.000    24.641   101.358     4.748
     0.000    24.641   101.358     4.753
     0.000    24.641   101.358     4.757
     0.000    24.641   101.358     4.762
     0.000    24.641   101.358     4.767
     0.000    24.641   101.358     4.770
     0.000    24.641   101.358     4.775
     0.000    24.641   101.358     4.779
     0.000    24.641   101.358     4.784
     0.000    24.641   101.358     4.788
     0.000    24.641   101.358     4.793
     0.000    24.641   101.358     4.798
     0.000    24.641   101.358     4.805
     0.000    24.641   101.358     4.810
     0.000    24.641   101.358     4.815
     0.000    24.641   101.358     4.819
     0.000    24.641   101.358     4.824
     0.000    24.641   101.358     4.828
     0.000    24.641   101.358     4.833
     0.000    24.641   101.358     4.837
     0.000    24.641   101.358     4.842
     0.000    24.641   101.358     4.846
     0.000    24.641   101.358     4.852
     0.000    24.641   101.358     4.860
