     1.000   125.000     0.000     0.000
     1.000   124.950     0.050     0.027
     1.000   124.900     0.100     0.035
     1.000   124.850     0.150     0.039
     1.000   124.800     0.200     0.047
     1.000   124.750     0.250     0.053
     1.000   124.700     0.300     0.060
     1.000   124.650     0.350     0.065
     0.999   124.601     0.400     0.069
     0.999   124.551     0.450     0.074
     0.999   124.501     0.500     0.079
     0.999   124.451     0.550     0.084
     0.999   124.402     0.600     0.090
     0.998   124.352     0.650     0.095
     0.998   124.302     0.700     0.100
     0.998   124.253     0.749     0.107
     0.998   124.203     0.799     0.112
     0.997   124.154     0.849     0.117
     0.997   124.104     0.899     0.124
     0.996   124.055     0.949     0.131
     0.996   124.005     0.999     0.137
     0.996   123.956     1.049     0.141
     0.995   123.906     1.098     0.149
     0.995   123.857     1.148     0.154
     0.994   123.808     1.198     0.161
     0.994   123.758     1.248     0.165
     0.993   123.709     1.297     0.170
     0.993   123.660     1.347     0.177
     0.992   123.611     1.397     0.182
     0.992   123.562     1.446     0.185
     0.991   123.513     1.496     0.190
     0.991   123.464     1.545     0.194
     0.990   123.415     1.595     0.199
     0.989   123.366     1.644     0.206
     0.989   123.317     1.694     0.212
     0.988   123.269     1.743     0.217
     0.987   123.220     1.793     0.221
     0.987   123.171     1.842     0.228
     0.986   123.123     1.891     0.232
     0.985   123.074     1.941     0.236
     0.984   123.026     1.990     0.241
     0.984   122.977     2.039     0.245
     0.983   122.929     2.088     0.253
     0.982   122.881     2.137     0.260
     0.981   122.832     2.186     0.267
     0.980   122.784     2.235     0.271
     0.979   122.736     2.284     0.275
     0.979   122.688     2.333     0.280
     0.978   122.640     2.382     0.285
     0.977   122.592     2.431     0.289
     0.976   122.544     2.480     0.297
     0.975   122.496     2.529     0.313
     0.974   122.449     2.578     0.320
     0.973   122.401     2.626     0.326
     0.972   122.353     2.675     0.334
     0.971   122.306     2.723     0.342
     0.970   122.258     2.772     0.349
     0.969   122.211     2.820     0.355
     0.968   122.163     2.869     0.363
     0.966   122.116     2.917     0.370
     0.965   122.069     2.966     0.380
     0.964   122.022     3.014     0.387
     0.963   121.975     3.062     0.391
     0.962   121.928     3.110     0.396
     0.961   121.881     3.158     0.401
     0.960   121.834     3.206     0.406
     0.958   121.787     3.254     0.410
     0.957   121.741     3.302     0.415
     0.956   121.694     3.350     0.421
     0.955   121.648     3.398     0.426
     0.953   121.601     3.445     0.430
     0.952   121.555     3.493     0.436
     0.951   121.509     3.541     0.441
     0.949   121.462     3.588     0.445
     0.948   121.416     3.636     0.451
     0.947   121.370     3.683     0.456
     0.945   121.324     3.730     0.461
     0.944   121.279     3.778     0.468
     0.942   121.233     3.825     0.472
     0.941   121.187     3.872     0.477
     0.940   121.141     3.919     0.483
     0.938   121.096     3.966     0.488
     0.937   121.051     4.013     0.493
     0.935   121.005     4.060     0.497
     0.934   120.960     4.106     0.503
     0.932   120.915     4.153     0.507
     0.931   120.870     4.200     0.512
     0.929   120.825     4.246     0.517
     0.928   120.780     4.292     0.521
     0.926   120.735     4.339     0.529
     0.924   120.690     4.385     0.535
     0.923   120.646     4.431     0.539
     0.921   120.601     4.477     0.546
     0.920   120.557     4.523     0.550
     0.918   120.513     4.569     0.555
     0.916   120.468     4.615     0.561
     0.915   120.424     4.661     0.566
     0.913   120.380     4.707     0.570
     0.911   120.336     4.752     0.576
     0.910   120.292     4.798     0.580
     0.908   120.249     4.843     0.593
     0.906   120.205     4.889     0.597
     0.904   120.162     4.934     0.603
     0.903   120.118     4.979     0.607
     0.901   120.075     5.024     0.612
     0.899   120.031     5.069     0.617
     0.897   119.988     5.114     0.623
     0.895   119.945     5.159     0.627
     0.894   119.902     5.204     0.632
     0.892   119.860     5.249     0.639
     0.890   119.817     5.293     0.645
     0.888   119.774     5.338     0.653
     0.886   119.732     5.382     0.663
     0.884   119.689     5.426     0.670
     0.883   119.647     5.470     0.675
     0.881   119.605     5.515     0.679
     0.879   119.563     5.559     0.685
     0.877   119.521     5.602     0.690
     0.875   119.479     5.646     0.694
     0.873   119.437     5.690     0.701
     0.871   119.395     5.734     0.705
     0.869   119.354     5.777     0.710
     0.867   119.312     5.821     0.714
     0.865   119.271     5.864     0.719
     0.863   119.230     5.907     0.726
     0.861   119.188     5.950     0.731
     0.859   119.147     5.993     0.739
     0.857   119.107     6.036     0.742
     0.855   119.066     6.079     0.747
     0.853   119.025     6.122     0.752
     0.851   118.984     6.164     0.758
     0.849   118.944     6.207     0.762
     0.847   118.904     6.249     0.767
     0.845   118.863     6.292     0.773
     0.843   118.823     6.334     0.778
     0.841   118.783     6.376     0.782
     0.839   118.743     6.418     0.788
     0.836   118.703     6.460     0.793
     0.834   118.664     6.502     0.798
     0.832   118.624     6.543     0.804
     0.830   118.585     6.585     0.809
     0.828   118.545     6.626     0.813
     0.826   118.506     6.668     0.819
     0.824   118.467     6.709     0.824
     0.822   118.428     6.750     0.829
     0.819   118.389     6.791     0.835
     0.817   118.350     6.832     0.840
     0.815   118.312     6.873     0.844
     0.813   118.273     6.914     0.850
     0.811   118.235     6.954     0.855
     0.808   118.196     6.995     0.859
     0.806   118.158     7.035     0.866
     0.804   118.120     7.076     0.870
     0.802   118.082     7.116     0.875
     0.800   118.044     7.156     0.881
     0.797   118.007     7.196     0.886
     0.795   117.969     7.236     0.890
     0.793   117.932     7.275     0.896
     0.791   117.894     7.315     0.901
     0.788   117.857     7.355     0.905
     0.786   117.820     7.394     0.911
     0.784   117.783     7.433     0.916
     0.782   117.746     7.472     0.920
     0.779   117.709     7.511     0.926
     0.777   117.672     7.550     0.931
     0.775   117.636     7.589     0.936
     0.773   117.599     7.628     0.942
     0.770   117.563     7.667     0.947
     0.768   117.527     7.705     0.951
     0.766   117.491     7.743     0.957
     0.763   117.455     7.782     0.962
     0.761   117.419     7.820     0.966
     0.759   117.383     7.858     0.973
     0.756   117.348     7.896     0.977
     0.754   117.312     7.933     0.982
     0.752   117.277     7.971     0.988
     0.750   117.242     8.009     0.993
     0.747   117.207     8.046     0.997
     0.745   117.172     8.083     1.003
     0.743   117.137     8.121     1.008
     0.740   117.102     8.158     1.013
     0.738   117.067     8.195     1.018
     0.735   117.033     8.232     1.023
     0.733   116.998     8.268     1.027
     0.731   116.964     8.305     1.033
     0.728   116.930     8.342     1.038
     0.726   116.896     8.378     1.042
     0.724   116.862     8.414     1.048
     0.721   116.828     8.450     1.053
     0.719   116.794     8.486     1.057
     0.717   116.761     8.522     1.064
     0.714   116.727     8.558     1.069
     0.712   116.694     8.594     1.073
     0.710   116.661     8.629     1.079
     0.707   116.628     8.665     1.084
     0.705   116.595     8.700     1.088
     0.702   116.562     8.735     1.095
     0.700   116.529     8.770     1.099
     0.698   116.497     8.805     1.104
     0.695   116.464     8.840     1.110
     0.693   116.432     8.875     1.118
     0.691   116.400     8.910     1.124
     0.688   116.368     8.944     1.128
     0.686   116.335     8.979     1.134
     0.683   116.304     9.013     1.139
     0.681   116.272     9.047     1.143
     0.679   116.240     9.081     1.149
     0.676   116.209     9.115     1.154
     0.674   116.177     9.149     1.158
     0.672   116.146     9.182     1.164
     0.669   116.115     9.216     1.170
     0.667   116.084     9.249     1.174
     0.664   116.053     9.283     1.180
     0.662   116.022     9.316     1.185
     0.660   115.991     9.349     1.190
     0.657   115.961     9.382     1.196
     0.655   115.930     9.415     1.201
     0.653   115.900     9.447     1.205
     0.650   115.870     9.480     1.211
     0.648   115.840     9.512     1.216
     0.645   115.810     9.545     1.220
     0.643   115.780     9.577     1.227
     0.641   115.750     9.609     1.232
     0.638   115.720     9.641     1.236
     0.636   115.691     9.673     1.242
     0.634   115.661     9.705     1.247
     0.631   115.632     9.736     1.252
     0.629   115.603     9.768     1.258
     0.626   115.574     9.799     1.263
     0.624   115.545     9.831     1.267
     0.622   115.516     9.862     1.273
     0.619   115.488     9.893     1.278
     0.617   115.459     9.924     1.282
     0.615   115.430     9.955     1.289
     0.612   115.402     9.985     1.293
     0.610   115.374    10.016     1.298
     0.608   115.346    10.046     1.304
     0.605   115.318    10.077     1.309
     0.603   115.290    10.107     1.313
     0.601   115.262    10.137     1.319
     0.598   115.234    10.167     1.324
     0.596   115.207    10.197     1.328
     0.594   115.179    10.227     1.334
     0.591   115.152    10.257     1.339
     0.589   115.125    10.286     1.343
     0.587   115.098    10.315     1.349
     0.584   115.071    10.345     1.354
     0.582   115.044    10.374     1.359
     0.580   115.017    10.403     1.364
     0.577   114.991    10.432     1.369
     0.575   114.964    10.461     1.373
     0.573   114.938    10.490     1.380
     0.570   114.911    10.518     1.384
     0.568   114.885    10.547     1.389
     0.566   114.859    10.575     1.394
     0.564   114.833    10.603     1.399
     0.561   114.807    10.631     1.404
     0.559   114.781    10.659     1.410
     0.557   114.756    10.687     1.415
     0.554   114.730    10.715     1.420
     0.552   114.705    10.743     1.426
     0.550   114.680    10.770     1.431
     0.548   114.654    10.798     1.435
     0.545   114.629    10.825     1.441
     0.543   114.604    10.852     1.446
     0.541   114.579    10.880     1.451
     0.539   114.555    10.907     1.457
     0.536   114.530    10.934     1.462
     0.534   114.506    10.960     1.466
     0.532   114.481    10.987     1.472
     0.530   114.457    11.014     1.477
     0.527   114.433    11.040     1.482
     0.525   114.408    11.066     1.488
     0.523   114.384    11.093     1.493
     0.521   114.361    11.119     1.497
     0.518   114.337    11.145     1.503
     0.516   114.313    11.171     1.508
     0.514   114.289    11.196     1.513
     0.512   114.266    11.222     1.519
     0.510   114.243    11.248     1.523
     0.507   114.219    11.273     1.530
     0.505   114.196    11.298     1.535
     0.503   114.173    11.324     1.539
     0.501   114.150    11.349     1.546
     0.499   114.127    11.374     1.551
     0.497   114.105    11.399     1.555
     0.494   114.082    11.423     1.558
     0.492   114.059    11.448     1.566
     0.490   114.037    11.473     1.572
     0.488   114.015    11.497     1.576
     0.486   113.992    11.522     1.580
     0.484   113.970    11.546     1.585
     0.482   113.948    11.570     1.589
     0.479   113.926    11.594     1.595
     0.477   113.905    11.618     1.600
     0.475   113.883    11.642     1.604
     0.473   113.861    11.666     1.610
     0.471   113.840    11.689     1.615
     0.469   113.818    11.713     1.619
     0.467   113.797    11.736     1.625
     0.465   113.776    11.759     1.633
     0.463   113.755    11.783     1.639
     0.460   113.734    11.806     1.645
     0.458   113.713    11.829     1.654
     0.456   113.692    11.852     1.658
     0.454   113.671    11.874     1.664
     0.452   113.650    11.897     1.669
     0.450   113.630    11.920     1.673
     0.448   113.610    11.942     1.679
     0.446   113.589    11.965     1.684
     0.444   113.569    11.987     1.688
     0.442   113.549    12.009     1.694
     0.440   113.529    12.031     1.699
     0.438   113.509    12.053     1.703
     0.436   113.489    12.075     1.710
     0.434   113.469    12.097     1.715
     0.432   113.449    12.118     1.719
     0.430   113.430    12.140     1.725
     0.428   113.410    12.161     1.730
     0.426   113.391    12.183     1.734
     0.424   113.372    12.204     1.740
     0.422   113.352    12.225     1.744
     0.420   113.333    12.246     1.749
     0.418   113.314    12.267     1.755
     0.416   113.295    12.288     1.760
     0.414   113.277    12.309     1.764
     0.412   113.258    12.330     1.770
     0.410   113.239    12.350     1.776
     0.408   113.221    12.371     1.780
     0.407   113.202    12.391     1.786
     0.405   113.184    12.411     1.791
     0.403   113.165    12.432     1.796
     0.401   113.147    12.452     1.802
     0.399   113.129    12.472     1.807
     0.397   113.111    12.492     1.811
     0.395   113.093    12.512     1.818
     0.393   113.075    12.531     1.823
     0.391   113.058    12.551     1.827
     0.389   113.040    12.570     1.833
     0.388   113.022    12.590     1.838
     0.386   113.005    12.609     1.842
     0.384   112.987    12.629     1.848
     0.382   112.970    12.648     1.853
     0.380   112.953    12.667     1.857
     0.378   112.936    12.686     1.863
     0.377   112.919    12.705     1.868
     0.375   112.902    12.723     1.872
     0.373   112.885    12.742     1.879
     0.371   112.868    12.761     1.883
     0.369   112.851    12.779     1.888
     0.368   112.834    12.798     1.894
     0.366   112.818    12.816     1.899
     0.364   112.801    12.834     1.903
     0.362   112.785    12.853     1.909
     0.360   112.769    12.871     1.914
     0.359   112.752    12.889     1.918
     0.357   112.736    12.907     1.924
     0.355   112.720    12.924     1.929
     0.353   112.704    12.942     1.933
     0.352   112.688    12.960     1.939
     0.350   112.672    12.977     1.944
     0.348   112.657    12.995     1.949
     0.347   112.641    13.012     1.955
     0.345   112.625    13.030     1.960
     0.343   112.610    13.047     1.965
     0.341   112.595    13.064     1.971
     0.340   112.579    13.081     1.976
     0.338   112.564    13.098     1.980
     0.336   112.549    13.115     1.986
     0.335   112.534    13.132     1.991
     0.333   112.519    13.148     1.995
     0.331   112.504    13.165     2.002
     0.330   112.489    13.181     2.006
     0.328   112.474    13.198     2.011
     0.326   112.459    13.214     2.016
     0.325   112.444    13.231     2.024
     0.323   112.430    13.247     2.031
     0.322   112.415    13.263     2.035
     0.320   112.401    13.279     2.039
     0.318   112.387    13.295     2.044
     0.317   112.372    13.311     2.049
     0.315   112.358    13.327     2.054
     0.313   112.344    13.342     2.058
     0.312   112.330    13.358     2.064
     0.310   112.316    13.374     2.069
     0.309   112.302    13.389     2.074
     0.307   112.288    13.405     2.080
     0.306   112.274    13.420     2.085
     0.304   112.261    13.435     2.092
     0.303   112.247    13.450     2.097
     0.301   112.233    13.465     2.101
     0.299   112.220    13.480     2.107
     0.298   112.206    13.495     2.112
     0.296   112.193    13.510     2.116
     0.295   112.180    13.525     2.122
     0.293   112.167    13.540     2.128
     0.292   112.153    13.554     2.132
     0.290   112.140    13.569     2.138
     0.289   112.127    13.584     2.143
     0.287   112.114    13.598     2.147
     0.286   112.102    13.612     2.156
     0.284   112.089    13.627     2.160
     0.283   112.076    13.641     2.165
     0.282   112.063    13.655     2.170
     0.280   112.051    13.669     2.174
     0.279   112.038    13.683     2.180
     0.277   112.026    13.697     2.184
     0.276   112.013    13.711     2.189
     0.274   112.001    13.725     2.195
     0.273   111.989    13.738     2.200
     0.271   111.977    13.752     2.207
     0.270   111.964    13.765     2.213
     0.269   111.952    13.779     2.220
     0.267   111.940    13.792     2.227
     0.266   111.928    13.806     2.232
     0.264   111.916    13.819     2.236
     0.263   111.905    13.832     2.241
     0.262   111.893    13.845     2.245
     0.260   111.881    13.858     2.252
     0.259   111.870    13.871     2.258
     0.258   111.858    13.884     2.263
     0.256   111.846    13.897     2.270
     0.255   111.835    13.910     2.277
     0.254   111.824    13.923     2.281
     0.252   111.812    13.935     2.286
     0.251   111.801    13.948     2.290
     0.250   111.790    13.960     2.295
     0.248   111.779    13.973     2.299
     0.247   111.768    13.985     2.305
     0.246   111.757    13.998     2.310
     0.244   111.746    14.010     2.317
     0.243   111.735    14.022     2.324
     0.242   111.724    14.034     2.328
     0.240   111.713    14.046     2.332
     0.239   111.702    14.058     2.339
     0.238   111.692    14.070     2.344
     0.237   111.681    14.082     2.351
     0.235   111.670    14.094     2.357
     0.234   111.660    14.106     2.362
     0.233   111.650    14.117     2.366
     0.232   111.639    14.129     2.372
     0.230   111.629    14.141     2.377
     0.229   111.619    14.152     2.384
     0.228   111.608    14.163     2.390
     0.227   111.598    14.175     2.397
     0.226   111.588    14.186     2.402
     0.224   111.578    14.197     2.406
     0.223   111.568    14.209     2.412
     0.222   111.558    14.220     2.417
     0.221   111.548    14.231     2.422
     0.220   111.538    14.242     2.428
     0.218   111.529    14.253     2.433
     0.217   111.519    14.264     2.437
     0.216   111.509    14.275     2.444
     0.215   111.500    14.285     2.449
     0.214   111.490    14.296     2.456
     0.213   111.480    14.307     2.463
     0.211   111.471    14.317     2.467
     0.210   111.462    14.328     2.472
     0.209   111.452    14.338     2.478
     0.208   111.443    14.349     2.482
     0.207   111.434    14.359     2.487
     0.206   111.424    14.370     2.493
     0.205   111.415    14.380     2.498
     0.204   111.406    14.390     2.502
     0.202   111.397    14.400     2.509
     0.201   111.388    14.410     2.513
     0.200   111.379    14.420     2.518
     0.199   111.370    14.430     2.524
     0.198   111.361    14.440     2.529
     0.197   111.353    14.450     2.536
     0.196   111.344    14.460     2.543
     0.195   111.335    14.470     2.547
     0.194   111.326    14.480     2.551
     0.193   111.318    14.489     2.557
     0.192   111.309    14.499     2.561
     0.191   111.301    14.508     2.565
     0.190   111.292    14.518     2.571
     0.189   111.284    14.527     2.577
     0.187   111.276    14.537     2.584
     0.186   111.267    14.546     2.590
     0.185   111.259    14.555     2.595
     0.184   111.251    14.565     2.600
     0.183   111.242    14.574     2.605
     0.182   111.234    14.583     2.609
     0.181   111.226    14.592     2.613
     0.180   111.218    14.601     2.620
     0.179   111.210    14.610     2.625
     0.178   111.202    14.619     2.632
     0.177   111.194    14.628     2.636
     0.176   111.186    14.637     2.640
     0.175   111.178    14.646     2.646
     0.174   111.171    14.655     2.651
     0.174   111.163    14.663     2.656
     0.173   111.155    14.672     2.662
     0.172   111.148    14.681     2.667
     0.171   111.140    14.689     2.671
     0.170   111.132    14.698     2.678
     0.169   111.125    14.706     2.682
     0.168   111.117    14.715     2.689
     0.167   111.110    14.723     2.698
