     1.000   125.000     0.000     0.000
     1.000   124.994     0.006     0.027
     1.000   124.988     0.013     0.034
     1.000   124.981     0.019     0.041
     1.000   124.975     0.025     0.048
     1.000   124.969     0.031     0.056
     1.000   124.963     0.037     0.063
     1.000   124.956     0.044     0.070
     1.000   124.950     0.050     0.078
     1.000   124.944     0.056     0.085
     1.000   124.938     0.062     0.092
     1.000   124.931     0.069     0.100
     1.000   124.925     0.075     0.107
     1.000   124.919     0.081     0.114
     1.000   124.913     0.087     0.122
     1.000   124.906     0.094     0.129
     1.000   124.900     0.100     0.134
     1.000   124.894     0.106     0.140
     1.000   124.888     0.112     0.146
     1.000   124.881     0.119     0.151
     1.000   124.875     0.125     0.156
     1.000   124.869     0.131     0.161
     1.000   124.863     0.137     0.167
     1.000   124.856     0.144     0.172
     1.000   124.850     0.150     0.177
     1.000   124.844     0.156     0.182
     1.000   124.838     0.162     0.188
     1.000   124.831     0.169     0.193
     1.000   124.825     0.175     0.199
     1.000   124.819     0.181     0.204
     1.000   124.813     0.187     0.209
     1.000   124.806     0.194     0.214
     1.000   124.800     0.200     0.220
     1.000   124.794     0.206     0.225
     1.000   124.788     0.212     0.230
     1.000   124.781     0.219     0.235
     1.000   124.775     0.225     0.240
     1.000   124.769     0.231     0.245
     1.000   124.763     0.237     0.251
     1.000   124.756     0.244     0.256
     1.000   124.750     0.250     0.261
     1.000   124.744     0.256     0.266
     1.000   124.738     0.262     0.272
     1.000   124.732     0.269     0.277
     1.000   124.725     0.275     0.283
     1.000   124.719     0.281     0.288
     1.000   124.713     0.287     0.293
     1.000   124.707     0.294     0.299
     1.000   124.700     0.300     0.304
     1.000   124.694     0.306     0.310
     1.000   124.688     0.312     0.315
     1.000   124.682     0.319     0.320
     1.000   124.675     0.325     0.326
     1.000   124.669     0.331     0.331
     1.000   124.663     0.337     0.336
     1.000   124.657     0.344     0.341
     1.000   124.651     0.350     0.347
     1.000   124.644     0.356     0.352
     0.999   124.638     0.362     0.358
     0.999   124.632     0.369     0.363
     0.999   124.626     0.375     0.368
     0.999   124.619     0.381     0.374
     0.999   124.613     0.387     0.379
     0.999   124.607     0.394     0.384
     0.999   124.601     0.400     0.389
     0.999   124.594     0.406     0.394
     0.999   124.588     0.412     0.400
     0.999   124.582     0.419     0.405
     0.999   124.576     0.425     0.411
     0.999   124.570     0.431     0.416
     0.999   124.563     0.437     0.421
     0.999   124.557     0.444     0.426
     0.999   124.551     0.450     0.431
     0.999   124.545     0.456     0.437
     0.999   124.538     0.462     0.442
     0.999   124.532     0.469     0.447
     0.999   124.526     0.475     0.453
     0.999   124.520     0.481     0.458
     0.999   124.514     0.487     0.464
     0.999   124.507     0.494     0.469
     0.999   124.501     0.500     0.474
     0.999   124.495     0.506     0.479
     0.999   124.489     0.512     0.485
     0.999   124.482     0.519     0.490
     0.999   124.476     0.525     0.495
     0.999   124.470     0.531     0.500
     0.999   124.464     0.537     0.505
     0.999   124.458     0.544     0.511
     0.999   124.451     0.550     0.516
     0.999   124.445     0.556     0.521
     0.999   124.439     0.562     0.526
     0.999   124.433     0.569     0.532
     0.999   124.427     0.575     0.537
     0.999   124.420     0.581     0.542
     0.999   124.414     0.587     0.547
     0.999   124.408     0.593     0.553
     0.999   124.402     0.600     0.558
     0.999   124.395     0.606     0.563
     0.999   124.389     0.612     0.568
     0.998   124.383     0.618     0.574
     0.998   124.377     0.625     0.586
     0.998   124.371     0.631     0.593
     0.998   124.364     0.637     0.598
     0.998   124.358     0.643     0.605
     0.998   124.352     0.650     0.611
     0.998   124.346     0.656     0.617
     0.998   124.340     0.662     0.623
     0.998   124.333     0.668     0.628
     0.998   124.327     0.675     0.633
     0.998   124.321     0.681     0.639
     0.998   124.315     0.687     0.644
     0.998   124.309     0.693     0.650
     0.998   124.302     0.700     0.656
     0.998   124.296     0.706     0.661
     0.998   124.290     0.712     0.666
     0.998   124.284     0.718     0.672
     0.998   124.278     0.725     0.678
     0.998   124.271     0.731     0.683
     0.998   124.265     0.737     0.688
     0.998   124.259     0.743     0.694
     0.998   124.253     0.749     0.699
     0.998   124.247     0.756     0.705
     0.998   124.240     0.762     0.710
     0.998   124.234     0.768     0.716
     0.998   124.228     0.774     0.721
     0.998   124.222     0.781     0.727
     0.998   124.216     0.787     0.732
     0.998   124.209     0.793     0.738
     0.997   124.203     0.799     0.744
     0.997   124.197     0.806     0.749
     0.997   124.191     0.812     0.755
     0.997   124.185     0.818     0.760
     0.997   124.178     0.824     0.766
     0.997   124.172     0.831     0.771
     0.997   124.166     0.837     0.777
     0.997   124.160     0.843     0.782
     0.997   124.154     0.849     0.788
     0.997   124.147     0.855     0.793
     0.997   124.141     0.862     0.799
     0.997   124.135     0.868     0.804
     0.997   124.129     0.874     0.810
     0.997   124.123     0.880     0.815
     0.997   124.117     0.887     0.820
     0.997   124.110     0.893     0.826
     0.997   124.104     0.899     0.831
     0.997   124.098     0.905     0.837
     0.997   124.092     0.912     0.842
     0.997   124.086     0.918     0.848
     0.997   124.079     0.924     0.853
     0.997   124.073     0.930     0.858
     0.997   124.067     0.936     0.864
     0.996   124.061     0.943     0.869
     0.996   124.055     0.949     0.875
     0.996   124.049     0.955     0.880
     0.996   124.042     0.961     0.886
     0.996   124.036     0.968     0.892
     0.996   124.030     0.974     0.897
     0.996   124.024     0.980     0.903
     0.996   124.018     0.986     0.908
     0.996   124.011     0.992     0.914
     0.996   124.005     0.999     0.919
     0.996   123.999     1.005     0.925
     0.996   123.993     1.011     0.930
     0.996   123.987     1.017     0.936
     0.996   123.981     1.024     0.941
     0.996   123.974     1.030     0.946
     0.996   123.968     1.036     0.952
     0.996   123.962     1.042     0.957
     0.996   123.956     1.048     0.963
     0.996   123.950     1.055     0.968
     0.996   123.944     1.061     0.973
     0.995   123.937     1.067     0.978
     0.995   123.931     1.073     0.984
     0.995   123.925     1.080     0.989
     0.995   123.919     1.086     0.995
     0.995   123.913     1.092     1.000
     0.995   123.907     1.098     1.006
     0.995   123.900     1.104     1.012
     0.995   123.894     1.111     1.017
     0.995   123.888     1.117     1.023
     0.995   123.882     1.123     1.028
     0.995   123.876     1.129     1.034
     0.995   123.870     1.136     1.039
     0.995   123.863     1.142     1.045
     0.995   123.857     1.148     1.051
     0.995   123.851     1.154     1.056
     0.995   123.845     1.160     1.061
     0.995   123.839     1.167     1.068
     0.995   123.833     1.173     1.075
     0.994   123.826     1.179     1.080
     0.994   123.820     1.185     1.087
     0.994   123.814     1.192     1.093
     0.994   123.808     1.198     1.100
     0.994   123.802     1.204     1.108
     0.994   123.796     1.210     1.115
     0.994   123.789     1.216     1.123
     0.994   123.783     1.223     1.130
     0.994   123.777     1.229     1.137
     0.994   123.771     1.235     1.145
     0.994   123.765     1.241     1.152
     0.994   123.759     1.247     1.161
     0.994   123.753     1.254     1.167
     0.994   123.746     1.260     1.174
     0.994   123.740     1.266     1.182
     0.994   123.734     1.272     1.190
     0.994   123.728     1.279     1.199
     0.993   123.722     1.285     1.205
     0.993   123.716     1.291     1.211
     0.993   123.710     1.297     1.216
     0.993   123.703     1.303     1.223
     0.993   123.697     1.310     1.228
     0.993   123.691     1.316     1.234
     0.993   123.685     1.322     1.240
     0.993   123.679     1.328     1.246
     0.993   123.673     1.334     1.252
     0.993   123.667     1.341     1.258
     0.993   123.660     1.347     1.265
     0.993   123.654     1.353     1.271
     0.993   123.648     1.359     1.276
     0.993   123.642     1.365     1.282
     0.993   123.636     1.372     1.287
     0.992   123.630     1.378     1.293
     0.992   123.624     1.384     1.298
     0.992   123.617     1.390     1.304
     0.992   123.611     1.396     1.310
     0.992   123.605     1.403     1.315
     0.992   123.599     1.409     1.321
     0.992   123.593     1.415     1.327
     0.992   123.587     1.421     1.332
     0.992   123.581     1.427     1.338
     0.992   123.575     1.434     1.343
     0.992   123.568     1.440     1.349
     0.992   123.562     1.446     1.355
     0.992   123.556     1.452     1.361
     0.992   123.550     1.458     1.366
     0.991   123.544     1.465     1.372
     0.991   123.538     1.471     1.378
     0.991   123.532     1.477     1.383
     0.991   123.526     1.483     1.389
     0.991   123.519     1.489     1.395
     0.991   123.513     1.496     1.401
     0.991   123.507     1.502     1.406
     0.991   123.501     1.508     1.412
     0.991   123.495     1.514     1.417
     0.991   123.489     1.520     1.422
     0.991   123.483     1.527     1.427
     0.991   123.477     1.533     1.433
     0.991   123.470     1.539     1.439
     0.991   123.464     1.545     1.444
     0.990   123.458     1.551     1.450
     0.990   123.452     1.558     1.455
     0.990   123.446     1.564     1.461
     0.990   123.440     1.570     1.467
     0.990   123.434     1.576     1.472
     0.990   123.428     1.582     1.477
     0.990   123.422     1.588     1.483
     0.990   123.415     1.595     1.489
     0.990   123.409     1.601     1.494
     0.990   123.403     1.607     1.500
     0.990   123.397     1.613     1.506
     0.990   123.391     1.619     1.511
     0.990   123.385     1.626     1.517
     0.989   123.379     1.632     1.522
     0.989   123.373     1.638     1.528
     0.989   123.367     1.644     1.534
     0.989   123.361     1.650     1.539
     0.989   123.354     1.656     1.545
     0.989   123.348     1.663     1.551
     0.989   123.342     1.669     1.557
     0.989   123.336     1.675     1.566
     0.989   123.330     1.681     1.572
     0.989   123.324     1.687     1.579
     0.989   123.318     1.694     1.584
     0.989   123.312     1.700     1.591
     0.988   123.306     1.706     1.597
     0.988   123.300     1.712     1.602
     0.988   123.293     1.718     1.607
     0.988   123.287     1.724     1.613
     0.988   123.281     1.731     1.618
     0.988   123.275     1.737     1.623
     0.988   123.269     1.743     1.629
     0.988   123.263     1.749     1.635
     0.988   123.257     1.755     1.640
     0.988   123.251     1.762     1.645
     0.988   123.245     1.768     1.651
     0.988   123.239     1.774     1.656
     0.987   123.233     1.780     1.661
     0.987   123.226     1.786     1.666
     0.987   123.220     1.792     1.672
     0.987   123.214     1.799     1.677
     0.987   123.208     1.805     1.683
     0.987   123.202     1.811     1.688
     0.987   123.196     1.817     1.693
     0.987   123.190     1.823     1.698
     0.987   123.184     1.829     1.704
     0.987   123.178     1.836     1.709
     0.987   123.172     1.842     1.714
     0.986   123.166     1.848     1.720
     0.986   123.160     1.854     1.725
     0.986   123.154     1.860     1.731
     0.986   123.147     1.866     1.748
     0.986   123.141     1.873     1.756
     0.986   123.135     1.879     1.761
     0.986   123.129     1.885     1.768
     0.986   123.123     1.891     1.773
     0.986   123.117     1.897     1.779
     0.986   123.111     1.903     1.784
     0.986   123.105     1.910     1.789
     0.985   123.099     1.916     1.795
     0.985   123.093     1.922     1.801
     0.985   123.087     1.928     1.806
     0.985   123.081     1.934     1.811
     0.985   123.075     1.940     1.817
     0.985   123.069     1.946     1.823
     0.985   123.063     1.953     1.828
     0.985   123.056     1.959     1.833
     0.985   123.050     1.965     1.839
     0.985   123.044     1.971     1.844
     0.984   123.038     1.977     1.850
     0.984   123.032     1.983     1.855
     0.984   123.026     1.990     1.860
     0.984   123.020     1.996     1.866
     0.984   123.014     2.002     1.871
     0.984   123.008     2.008     1.877
     0.984   123.002     2.014     1.882
     0.984   122.996     2.020     1.886
     0.984   122.990     2.026     1.892
     0.984   122.984     2.033     1.898
     0.984   122.978     2.039     1.903
     0.983   122.972     2.045     1.908
     0.983   122.966     2.051     1.914
     0.983   122.960     2.057     1.922
     0.983   122.954     2.063     1.927
     0.983   122.948     2.069     1.933
     0.983   122.941     2.076     1.940
     0.983   122.935     2.082     1.947
     0.983   122.929     2.088     1.954
     0.983   122.923     2.094     1.958
     0.983   122.917     2.100     1.963
     0.982   122.911     2.106     1.970
     0.982   122.905     2.112     1.975
     0.982   122.899     2.119     1.982
     0.982   122.893     2.125     1.987
     0.982   122.887     2.131     1.994
     0.982   122.881     2.137     2.001
     0.982   122.875     2.143     2.004
     0.982   122.869     2.149     2.009
     0.982   122.863     2.155     2.014
     0.981   122.857     2.162     2.021
     0.981   122.851     2.168     2.028
     0.981   122.845     2.174     2.035
     0.981   122.839     2.180     2.041
     0.981   122.833     2.186     2.047
     0.981   122.827     2.192     2.052
     0.981   122.821     2.198     2.056
     0.981   122.815     2.204     2.060
     0.981   122.809     2.211     2.067
     0.981   122.803     2.217     2.074
     0.980   122.797     2.223     2.078
     0.980   122.791     2.229     2.081
     0.980   122.785     2.235     2.088
     0.980   122.779     2.241     2.092
     0.980   122.773     2.247     2.097
     0.980   122.767     2.254     2.105
     0.980   122.761     2.260     2.112
     0.980   122.755     2.266     2.119
     0.980   122.749     2.272     2.126
     0.979   122.743     2.278     2.133
     0.979   122.737     2.284     2.139
     0.979   122.731     2.290     2.145
     0.979   122.725     2.296     2.151
     0.979   122.719     2.302     2.157
     0.979   122.713     2.309     2.163
     0.979   122.707     2.315     2.170
     0.979   122.701     2.321     2.177
     0.979   122.695     2.327     2.184
     0.978   122.689     2.333     2.190
     0.978   122.683     2.339     2.196
     0.978   122.677     2.345     2.204
     0.978   122.671     2.351     2.209
     0.978   122.665     2.358     2.216
     0.978   122.659     2.364     2.222
     0.978   122.653     2.370     2.226
     0.978   122.647     2.376     2.230
     0.978   122.641     2.382     2.237
     0.977   122.635     2.388     2.244
     0.977   122.629     2.394     2.247
     0.977   122.623     2.400     2.252
     0.977   122.617     2.406     2.258
     0.977   122.611     2.413     2.264
     0.977   122.605     2.419     2.272
     0.977   122.599     2.425     2.279
     0.977   122.593     2.431     2.285
     0.976   122.587     2.437     2.290
     0.976   122.581     2.443     2.297
     0.976   122.575     2.449     2.305
     0.976   122.569     2.455     2.311
     0.976   122.563     2.461     2.317
     0.976   122.557     2.467     2.323
     0.976   122.551     2.474     2.330
     0.976   122.545     2.480     2.339
     0.976   122.539     2.486     2.344
     0.975   122.533     2.492     2.350
     0.975   122.527     2.498     2.355
     0.975   122.521     2.504     2.362
     0.975   122.515     2.510     2.370
     0.975   122.509     2.516     2.375
     0.975   122.503     2.522     2.382
     0.975   122.497     2.528     2.388
     0.975   122.491     2.534     2.392
     0.974   122.485     2.541     2.396
     0.974   122.479     2.547     2.403
     0.974   122.473     2.553     2.410
     0.974   122.467     2.559     2.414
     0.974   122.461     2.565     2.420
     0.974   122.455     2.571     2.425
     0.974   122.449     2.577     2.430
     0.974   122.443     2.583     2.437
     0.973   122.437     2.589     2.443
     0.973   122.431     2.595     2.448
     0.973   122.425     2.601     2.454
     0.973   122.419     2.608     2.459
     0.973   122.413     2.614     2.468
     0.973   122.408     2.620     2.480
     0.973   122.402     2.626     2.486
     0.973   122.396     2.632     2.493
     0.972   122.390     2.638     2.501
     0.972   122.384     2.644     2.508
     0.972   122.378     2.650     2.514
     0.972   122.372     2.656     2.520
     0.972   122.366     2.662     2.531
     0.972   122.360     2.668     2.538
     0.972   122.354     2.674     2.546
     0.972   122.348     2.680     2.553
     0.971   122.342     2.687     2.561
     0.971   122.336     2.693     2.568
     0.971   122.330     2.699     2.575
     0.971   122.324     2.705     2.583
     0.971   122.318     2.711     2.591
     0.971   122.312     2.717     2.598
     0.971   122.306     2.723     2.606
     0.970   122.301     2.729     2.613
     0.970   122.295     2.735     2.621
     0.970   122.289     2.741     2.629
     0.970   122.283     2.747     2.636
     0.970   122.277     2.753     2.643
     0.970   122.271     2.759     2.651
     0.970   122.265     2.765     2.660
     0.970   122.259     2.771     2.665
     0.969   122.253     2.778     2.678
     0.969   122.247     2.784     2.683
     0.969   122.241     2.790     2.688
     0.969   122.235     2.796     2.695
     0.969   122.229     2.802     2.701
     0.969   122.223     2.808     2.708
     0.969   122.218     2.814     2.715
     0.968   122.212     2.820     2.721
     0.968   122.206     2.826     2.728
     0.968   122.200     2.832     2.734
     0.968   122.194     2.838     2.740
     0.968   122.188     2.844     2.762
     0.968   122.182     2.850     2.769
     0.968   122.176     2.856     2.776
     0.968   122.170     2.862     2.783
     0.967   122.164     2.868     2.790
     0.967   122.158     2.874     2.801
     0.967   122.152     2.880     2.811
     0.967   122.147     2.886     2.820
     0.967   122.141     2.892     2.827
     0.967   122.135     2.899     2.835
     0.967   122.129     2.905     2.843
     0.966   122.123     2.911     2.850
     0.966   122.117     2.917     2.857
     0.966   122.111     2.923     2.864
     0.966   122.105     2.929     2.871
     0.966   122.099     2.935     2.880
     0.966   122.093     2.941     2.918
     0.966   122.088     2.947     2.925
     0.965   122.082     2.953     2.931
     0.965   122.076     2.959     2.938
     0.965   122.070     2.965     2.946
     0.965   122.064     2.971     2.953
     0.965   122.058     2.977     2.960
     0.965   122.052     2.983     2.967
     0.965   122.046     2.989     2.973
     0.964   122.040     2.995     2.980
     0.964   122.035     3.001     2.986
     0.964   122.029     3.007     2.995
     0.964   122.023     3.013     3.002
     0.964   122.017     3.019     3.009
     0.964   122.011     3.025     3.017
     0.964   122.005     3.031     3.024
     0.963   121.999     3.037     3.032
     0.963   121.993     3.043     3.037
     0.963   121.988     3.049     3.045
     0.963   121.982     3.055     3.053
     0.963   121.976     3.061     3.061
     0.963   121.970     3.067     3.069
     0.963   121.964     3.073     3.076
     0.962   121.958     3.079     3.083
     0.962   121.952     3.085     3.101
     0.962   121.946     3.091     3.108
     0.962   121.941     3.097     3.122
     0.962   121.935     3.103     3.130
     0.962   121.929     3.109     3.136
     0.962   121.923     3.115     3.143
     0.961   121.917     3.121     3.150
     0.961   121.911     3.127     3.158
     0.961   121.905     3.134     3.165
     0.961   121.900     3.140     3.172
     0.961   121.894     3.146     3.176
     0.961   121.888     3.152     3.184
     0.961   121.882     3.158     3.191
     0.960   121.876     3.164     3.199
     0.960   121.870     3.170     3.203
     0.960   121.864     3.176     3.210
     0.960   121.859     3.182     3.215
     0.960   121.853     3.188     3.222
     0.960   121.847     3.194     3.230
     0.959   121.841     3.200     3.236
     0.959   121.835     3.206     3.243
     0.959   121.829     3.212     3.249
     0.959   121.823     3.218     3.258
     0.959   121.818     3.224     3.263
     0.959   121.812     3.230     3.269
     0.959   121.806     3.235     3.276
     0.958   121.800     3.241     3.284
     0.958   121.794     3.247     3.291
     0.958   121.788     3.253     3.298
     0.958   121.783     3.259     3.305
     0.958   121.777     3.265     3.312
     0.958   121.771     3.271     3.319
     0.957   121.765     3.277     3.327
     0.957   121.759     3.283     3.334
     0.957   121.753     3.289     3.341
     0.957   121.748     3.295     3.348
     0.957   121.742     3.301     3.355
     0.957   121.736     3.307     3.363
     0.957   121.730     3.313     3.370
     0.956   121.724     3.319     3.377
     0.956   121.719     3.325     3.384
     0.956   121.713     3.331     3.392
     0.956   121.707     3.337     3.399
     0.956   121.701     3.343     3.406
     0.956   121.695     3.349     3.414
     0.955   121.689     3.355     3.421
     0.955   121.684     3.361     3.429
     0.955   121.678     3.367     3.436
     0.955   121.672     3.373     3.443
     0.955   121.666     3.379     3.451
     0.955   121.660     3.385     3.458
     0.955   121.655     3.391     3.465
     0.954   121.649     3.397     3.473
     0.954   121.643     3.403     3.480
     0.954   121.637     3.409     3.493
     0.954   121.631     3.415     3.507
     0.954   121.626     3.421     3.522
     0.954   121.620     3.427     3.537
     0.953   121.614     3.433     3.552
     0.953   121.608     3.439     3.566
     0.953   121.602     3.445     3.578
     0.953   121.597     3.451     3.590
     0.953   121.591     3.457     3.602
     0.953   121.585     3.462     3.615
     0.952   121.579     3.468     3.628
     0.952   121.573     3.474     3.640
     0.952   121.568     3.480     3.652
     0.952   121.562     3.486     3.665
     0.952   121.556     3.492     3.677
     0.952   121.550     3.498     3.689
     0.951   121.544     3.504     3.699
     0.951   121.539     3.510     3.709
     0.951   121.533     3.516     3.721
     0.951   121.527     3.522     3.729
     0.951   121.521     3.528     3.742
     0.951   121.516     3.534     3.751
     0.950   121.510     3.540     3.761
     0.950   121.504     3.546     3.770
     0.950   121.498     3.552     3.782
     0.950   121.492     3.558     3.791
     0.950   121.487     3.564     3.801
     0.950   121.481     3.569     3.809
     0.949   121.475     3.575     3.821
     0.949   121.469     3.581     3.830
     0.949   121.464     3.587     3.838
     0.949   121.458     3.593     3.849
     0.949   121.452     3.599     3.859
     0.949   121.446     3.605     3.868
     0.948   121.441     3.611     3.878
     0.948   121.435     3.617     3.889
     0.948   121.429     3.623     3.899
     0.948   121.423     3.629     3.909
     0.948   121.418     3.635     3.918
     0.948   121.412     3.641     3.928
     0.947   121.406     3.647     3.937
     0.947   121.400     3.652     3.947
     0.947   121.395     3.658     3.957
     0.947   121.389     3.664     3.966
     0.947   121.383     3.670     3.976
     0.947   121.377     3.676     3.988
     0.946   121.372     3.682     4.008
     0.946   121.366     3.688     4.018
     0.946   121.360     3.694     4.028
     0.946   121.354     3.700     4.037
     0.946   121.349     3.706     4.049
     0.946   121.343     3.712     4.057
     0.945   121.337     3.718     4.066
     0.945   121.331     3.723     4.074
     0.945   121.326     3.729     4.086
     0.945   121.320     3.735     4.095
     0.945   121.314     3.741     4.104
     0.944   121.308     3.747     4.113
     0.944   121.303     3.753     4.124
     0.944   121.297     3.759     4.134
     0.944   121.291     3.765     4.144
     0.944   121.286     3.771     4.156
     0.944   121.280     3.777     4.165
     0.943   121.274     3.782     4.175
     0.943   121.268     3.788     4.184
     0.943   121.263     3.794     4.196
     0.943   121.257     3.800     4.205
     0.943   121.251     3.806     4.217
     0.943   121.246     3.812     4.225
     0.942   121.240     3.818     4.237
     0.942   121.234     3.824     4.246
     0.942   121.228     3.830     4.255
     0.942   121.223     3.835     4.265
     0.942   121.217     3.841     4.274
     0.941   121.211     3.847     4.283
     0.941   121.206     3.853     4.295
     0.941   121.200     3.859     4.304
     0.941   121.194     3.865     4.316
     0.941   121.188     3.871     4.325
     0.941   121.183     3.877     4.335
     0.940   121.177     3.883     4.344
     0.940   121.171     3.888     4.356
     0.940   121.166     3.894     4.366
     0.940   121.160     3.900     4.378
     0.940   121.154     3.906     4.387
     0.940   121.149     3.912     4.399
     0.939   121.143     3.918     4.407
     0.939   121.137     3.924     4.419
     0.939   121.131     3.930     4.428
     0.939   121.126     3.935     4.437
     0.939   121.120     3.941     4.446
     0.938   121.114     3.947     4.458
     0.938   121.109     3.953     4.466
     0.938   121.103     3.959     4.479
     0.938   121.097     3.965     4.488
     0.938   121.092     3.971     4.498
     0.938   121.086     3.976     4.510
     0.937   121.080     3.982     4.519
     0.937   121.075     3.988     4.531
     0.937   121.069     3.994     4.539
     0.937   121.063     4.000     4.552
     0.937   121.058     4.006     4.561
     0.936   121.052     4.012     4.571
     0.936   121.046     4.017     4.580
     0.936   121.041     4.023     4.592
     0.936   121.035     4.029     4.601
     0.936   121.029     4.035     4.612
     0.935   121.024     4.041     4.621
     0.935   121.018     4.047     4.631
     0.935   121.012     4.053     4.640
     0.935   121.007     4.058     4.651
     0.935   121.001     4.064     4.660
     0.935   120.995     4.070     4.670
     0.934   120.990     4.076     4.679
     0.934   120.984     4.082     4.690
     0.934   120.978     4.088     4.699
     0.934   120.973     4.093     4.709
     0.934   120.967     4.099     4.718
     0.933   120.961     4.105     4.730
     0.933   120.956     4.111     4.739
     0.933   120.950     4.117     4.748
     0.933   120.945     4.123     4.757
     0.933   120.939     4.128     4.767
     0.932   120.933     4.134     4.776
     0.932   120.928     4.140     4.788
     0.932   120.922     4.146     4.798
     0.932   120.916     4.152     4.810
     0.932   120.911     4.158     4.820
     0.932   120.905     4.163     4.832
     0.931   120.899     4.169     4.843
     0.931   120.894     4.175     4.853
     0.931   120.888     4.181     4.863
     0.931   120.883     4.187     4.873
     0.931   120.877     4.192     4.883
     0.930   120.871     4.198     4.892
     0.930   120.866     4.204     4.902
     0.930   120.860     4.210     4.912
     0.930   120.854     4.216     4.922
     0.930   120.849     4.222     4.932
     0.929   120.843     4.227     4.941
     0.929   120.838     4.233     4.949
     0.929   120.832     4.239     4.959
     0.929   120.826     4.245     4.968
     0.929   120.821     4.251     4.989
     0.928   120.815     4.256     5.000
     0.928   120.810     4.262     5.010
     0.928   120.804     4.268     5.161
     0.928   120.798     4.274     5.173
     0.928   120.793     4.280     5.183
     0.927   120.787     4.285     5.192
     0.927   120.782     4.291     5.202
     0.927   120.776     4.297     5.212
     0.927   120.770     4.303     5.222
     0.927   120.765     4.309     5.232
     0.926   120.759     4.314     5.242
     0.926   120.754     4.320     5.253
     0.926   120.748     4.326     5.265
     0.926   120.742     4.332     5.277
     0.926   120.737     4.338     5.289
     0.926   120.731     4.343     5.301
     0.925   120.726     4.349     5.310
     0.925   120.720     4.355     5.319
     0.925   120.714     4.361     5.329
     0.925   120.709     4.366     5.344
     0.925   120.703     4.372     5.353
     0.924   120.698     4.378     5.365
     0.924   120.692     4.384     5.376
     0.924   120.687     4.390     5.387
     0.924   120.681     4.395     5.398
     0.924   120.675     4.401     5.410
     0.923   120.670     4.407     5.420
     0.923   120.664     4.413     5.430
     0.923   120.659     4.418     5.440
     0.923   120.653     4.424     5.450
     0.923   120.648     4.430     5.459
     0.922   120.642     4.436     5.468
     0.922   120.636     4.441     5.478
     0.922   120.631     4.447     5.488
     0.922   120.625     4.453     5.498
     0.922   120.620     4.459     5.508
     0.921   120.614     4.465     5.517
     0.921   120.609     4.470     5.527
     0.921   120.603     4.476     5.537
     0.921   120.598     4.482     5.549
     0.921   120.592     4.488     5.559
     0.920   120.586     4.493     5.570
     0.920   120.581     4.499     5.580
     0.920   120.575     4.505     5.589
     0.920   120.570     4.511     5.599
     0.919   120.564     4.516     5.611
     0.919   120.559     4.522     5.621
     0.919   120.553     4.528     5.631
     0.919   120.548     4.534     5.640
     0.919   120.542     4.539     5.652
     0.918   120.537     4.545     5.662
     0.918   120.531     4.551     5.672
     0.918   120.525     4.557     5.682
     0.918   120.520     4.562     5.692
     0.918   120.514     4.568     5.701
     0.917   120.509     4.574     5.713
     0.917   120.503     4.579     5.724
     0.917   120.498     4.585     5.733
     0.917   120.492     4.591     5.744
     0.917   120.487     4.597     5.754
     0.916   120.481     4.602     5.764
     0.916   120.476     4.608     5.773
     0.916   120.470     4.614     5.785
     0.916   120.465     4.620     5.795
     0.916   120.459     4.625     5.807
     0.915   120.454     4.631     5.817
     0.915   120.448     4.637     5.828
     0.915   120.443     4.642     5.838
     0.915   120.437     4.648     5.850
     0.915   120.432     4.654     5.860
     0.914   120.426     4.660     5.871
     0.914   120.421     4.665     5.881
     0.914   120.415     4.671     5.893
     0.914   120.410     4.677     5.903
     0.913   120.404     4.682     5.915
     0.913   120.399     4.688     5.925
     0.913   120.393     4.694     5.936
     0.913   120.388     4.700     5.945
     0.913   120.382     4.705     5.954
     0.912   120.377     4.711     5.963
     0.912   120.371     4.717     5.974
     0.912   120.366     4.722     5.984
     0.912   120.360     4.728     5.994
     0.912   120.355     4.734     6.006
     0.911   120.349     4.739     6.016
     0.911   120.344     4.745     6.028
     0.911   120.338     4.751     6.036
     0.911   120.333     4.757     6.046
     0.911   120.327     4.762     6.056
     0.910   120.322     4.768     6.067
     0.910   120.316     4.774     6.077
     0.910   120.311     4.779     6.089
     0.910   120.305     4.785     6.099
     0.909   120.300     4.791     6.111
     0.909   120.294     4.796     6.121
     0.909   120.289     4.802     6.133
     0.909   120.283     4.808     6.143
     0.909   120.278     4.813     6.155
     0.908   120.273     4.819     6.165
     0.908   120.267     4.825     6.177
     0.908   120.262     4.830     6.187
     0.908   120.256     4.836     6.199
     0.908   120.251     4.842     6.219
     0.907   120.245     4.847     6.230
     0.907   120.240     4.853     6.242
     0.907   120.234     4.859     6.252
     0.907   120.229     4.864     6.263
     0.906   120.223     4.870     6.273
     0.906   120.218     4.876     6.284
     0.906   120.213     4.881     6.294
     0.906   120.207     4.887     6.305
     0.906   120.202     4.893     6.315
     0.905   120.196     4.898     6.327
     0.905   120.191     4.904     6.338
     0.905   120.185     4.910     6.348
     0.905   120.180     4.915     6.358
     0.905   120.174     4.921     6.369
     0.904   120.169     4.927     6.379
     0.904   120.164     4.932     6.391
     0.904   120.158     4.938     6.401
     0.904   120.153     4.944     6.412
     0.903   120.147     4.949     6.422
     0.903   120.142     4.955     6.434
     0.903   120.136     4.961     6.444
     0.903   120.131     4.966     6.456
     0.903   120.126     4.972     6.466
     0.902   120.120     4.978     6.478
     0.902   120.115     4.983     6.488
     0.902   120.109     4.989     6.499
     0.902   120.104     4.994     6.509
     0.901   120.098     5.000     6.520
     0.901   120.093     5.006     6.530
     0.901   120.088     5.011     6.541
     0.901   120.082     5.017     6.550
     0.901   120.077     5.023     6.561
     0.900   120.071     5.028     6.571
     0.900   120.066     5.034     6.583
     0.900   120.061     5.040     6.593
     0.900   120.055     5.045     6.603
     0.899   120.050     5.051     6.613
     0.899   120.044     5.056     6.625
     0.899   120.039     5.062     6.635
     0.899   120.034     5.068     6.647
     0.899   120.028     5.073     6.657
     0.898   120.023     5.079     6.669
     0.898   120.017     5.084     6.679
     0.898   120.012     5.090     6.691
     0.898   120.007     5.096     6.701
     0.897   120.001     5.101     6.712
     0.897   119.996     5.107     6.722
     0.897   119.991     5.113     6.734
     0.897   119.985     5.118     6.744
     0.897   119.980     5.124     6.755
     0.896   119.974     5.129     6.766
     0.896   119.969     5.135     6.776
     0.896   119.964     5.141     6.786
     0.896   119.958     5.146     6.798
     0.895   119.953     5.152     6.808
     0.895   119.948     5.157     6.820
     0.895   119.942     5.163     6.830
     0.895   119.937     5.169     6.842
     0.894   119.931     5.174     6.853
     0.894   119.926     5.180     6.864
     0.894   119.921     5.185     6.875
     0.894   119.915     5.191     6.886
     0.894   119.910     5.196     6.896
     0.893   119.905     5.202     6.908
     0.893   119.899     5.208     6.918
     0.893   119.894     5.213     6.930
     0.893   119.889     5.219     6.940
     0.892   119.883     5.224     6.952
     0.892   119.878     5.230     6.962
     0.892   119.872     5.236     6.974
     0.892   119.867     5.241     6.984
     0.892   119.862     5.247     6.994
     0.891   119.856     5.252     7.005
     0.891   119.851     5.258     7.016
     0.891   119.846     5.263     7.027
     0.891   119.840     5.269     7.038
     0.890   119.835     5.275     7.049
     0.890   119.830     5.280     7.061
     0.890   119.824     5.286     7.071
     0.890   119.819     5.291     7.081
     0.889   119.814     5.297     7.092
     0.889   119.808     5.302     7.103
     0.889   119.803     5.308     7.114
     0.889   119.798     5.313     7.125
     0.889   119.792     5.319     7.135
     0.888   119.787     5.325     7.147
     0.888   119.782     5.330     7.157
     0.888   119.777     5.336     7.168
     0.888   119.771     5.341     7.179
     0.887   119.766     5.347     7.189
     0.887   119.761     5.352     7.199
     0.887   119.755     5.358     7.211
     0.887   119.750     5.363     7.221
     0.886   119.745     5.369     7.233
     0.886   119.739     5.374     7.243
     0.886   119.734     5.380     7.254
     0.886   119.729     5.386     7.265
     0.886   119.723     5.391     7.276
     0.885   119.718     5.397     7.286
     0.885   119.713     5.402     7.327
     0.885   119.708     5.408     7.342
     0.885   119.702     5.413     7.352
     0.884   119.697     5.419     7.362
     0.884   119.692     5.424     7.374
     0.884   119.686     5.430     7.383
     0.884   119.681     5.435     7.393
     0.883   119.676     5.441     7.404
     0.883   119.670     5.446     7.413
     0.883   119.665     5.452     7.426
     0.883   119.660     5.457     7.434
     0.882   119.655     5.463     7.443
     0.882   119.649     5.468     7.452
     0.882   119.644     5.474     7.463
     0.882   119.639     5.479     7.473
     0.882   119.634     5.485     7.483
     0.881   119.628     5.490     7.494
     0.881   119.623     5.496     7.505
     0.881   119.618     5.501     7.515
     0.881   119.612     5.507     7.525
     0.880   119.607     5.513     7.535
     0.880   119.602     5.518     7.544
     0.880   119.597     5.524     7.554
     0.880   119.591     5.529     7.565
     0.879   119.586     5.535     7.575
     0.879   119.581     5.540     7.586
     0.879   119.576     5.545     7.597
     0.879   119.570     5.551     7.606
     0.878   119.565     5.556     7.617
     0.878   119.560     5.562     7.626
     0.878   119.555     5.567     7.634
     0.878   119.549     5.573     7.645
     0.877   119.544     5.578     7.654
     0.877   119.539     5.584     7.663
     0.877   119.534     5.589     7.675
     0.877   119.528     5.595     7.693
     0.877   119.523     5.600     7.709
     0.876   119.518     5.606     7.719
     0.876   119.513     5.611     7.730
     0.876   119.507     5.617     7.738
     0.876   119.502     5.622     7.747
     0.875   119.497     5.628     7.755
     0.875   119.492     5.633     7.764
     0.875   119.486     5.639     7.773
     0.875   119.481     5.644     7.786
     0.874   119.476     5.650     7.800
     0.874   119.471     5.655     7.808
     0.874   119.466     5.661     7.816
     0.874   119.460     5.666     7.825
     0.873   119.455     5.671     7.834
     0.873   119.450     5.677     7.843
     0.873   119.445     5.682     7.851
     0.873   119.440     5.688     7.860
     0.872   119.434     5.693     7.869
     0.872   119.429     5.699     7.877
     0.872   119.424     5.704     7.891
     0.872   119.419     5.710     7.903
     0.871   119.413     5.715     7.922
     0.871   119.408     5.721     7.933
     0.871   119.403     5.726     7.942
     0.871   119.398     5.731     7.950
     0.870   119.393     5.737     7.958
     0.870   119.387     5.742     7.967
     0.870   119.382     5.748     7.978
     0.870   119.377     5.753     7.985
     0.869   119.372     5.759     7.994
     0.869   119.367     5.764     8.001
     0.869   119.362     5.769     8.010
     0.869   119.356     5.775     8.018
     0.869   119.351     5.780     8.027
     0.868   119.346     5.786     8.036
     0.868   119.341     5.791     8.044
     0.868   119.336     5.797     8.050
     0.868   119.330     5.802     8.055
     0.867   119.325     5.807     8.059
     0.867   119.320     5.813     8.065
     0.867   119.315     5.818     8.070
     0.867   119.310     5.824     8.076
     0.866   119.305     5.829     8.082
     0.866   119.299     5.835     8.087
     0.866   119.294     5.840     8.092
     0.866   119.289     5.845     8.098
     0.865   119.284     5.851     8.103
     0.865   119.279     5.856     8.108
     0.865   119.274     5.862     8.113
     0.865   119.268     5.867     8.117
     0.864   119.263     5.872     8.122
     0.864   119.258     5.878     8.128
     0.864   119.253     5.883     8.133
     0.864   119.248     5.889     8.137
     0.863   119.243     5.894     8.143
     0.863   119.238     5.899     8.147
     0.863   119.232     5.905     8.152
     0.863   119.227     5.910     8.158
     0.862   119.222     5.916     8.162
     0.862   119.217     5.921     8.167
     0.862   119.212     5.926     8.173
     0.862   119.207     5.932     8.177
     0.861   119.202     5.937     8.181
     0.861   119.196     5.943     8.187
     0.861   119.191     5.948     8.198
     0.861   119.186     5.953     8.203
     0.860   119.181     5.959     8.207
     0.860   119.176     5.964     8.211
     0.860   119.171     5.969     8.218
     0.860   119.166     5.975     8.222
     0.859   119.161     5.980     8.226
     0.859   119.155     5.986     8.232
     0.859   119.150     5.991     8.237
     0.859   119.145     5.996     8.242
     0.858   119.140     6.002     8.248
     0.858   119.135     6.007     8.252
     0.858   119.130     6.012     8.257
     0.858   119.125     6.018     8.263
     0.857   119.120     6.023     8.267
     0.857   119.114     6.028     8.272
     0.857   119.109     6.034     8.278
     0.857   119.104     6.039     8.283
     0.856   119.099     6.045     8.288
     0.856   119.094     6.050     8.294
     0.856   119.089     6.055     8.298
     0.856   119.084     6.061     8.303
     0.855   119.079     6.066     8.308
     0.855   119.074     6.071     8.313
     0.855   119.069     6.077     8.317
     0.855   119.064     6.082     8.323
     0.854   119.058     6.087     8.328
     0.854   119.053     6.093     8.332
     0.854   119.048     6.098     8.338
     0.854   119.043     6.103     8.342
     0.853   119.038     6.109     8.347
     0.853   119.033     6.114     8.353
     0.853   119.028     6.119     8.357
     0.853   119.023     6.125     8.362
     0.852   119.018     6.130     8.368
     0.852   119.013     6.135     8.372
     0.852   119.008     6.141     8.377
     0.851   119.003     6.146     8.383
     0.851   118.998     6.151     8.387
     0.851   118.992     6.157     8.391
     0.851   118.987     6.162     8.398
     0.850   118.982     6.167     8.402
     0.850   118.977     6.173     8.407
     0.850   118.972     6.178     8.413
     0.850   118.967     6.183     8.417
     0.849   118.962     6.188     8.422
     0.849   118.957     6.194     8.428
     0.849   118.952     6.199     8.433
     0.849   118.947     6.204     8.437
     0.848   118.942     6.210     8.444
     0.848   118.937     6.215     8.448
     0.848   118.932     6.220     8.452
     0.848   118.927     6.226     8.458
     0.847   118.922     6.231     8.462
     0.847   118.917     6.236     8.466
     0.847   118.912     6.241     8.470
     0.847   118.907     6.247     8.474
     0.846   118.902     6.252     8.479
     0.846   118.897     6.257     8.484
     0.846   118.892     6.263     8.490
     0.846   118.886     6.268     8.494
     0.845   118.881     6.273     8.498
     0.845   118.876     6.278     8.504
     0.845   118.871     6.284     8.508
     0.845   118.866     6.289     8.513
     0.844   118.861     6.294     8.519
     0.844   118.856     6.300     8.523
     0.844   118.851     6.305     8.528
     0.844   118.846     6.310     8.533
     0.843   118.841     6.315     8.538
     0.843   118.836     6.321     8.542
     0.843   118.831     6.326     8.548
     0.842   118.826     6.331     8.552
     0.842   118.821     6.336     8.557
     0.842   118.816     6.342     8.563
     0.842   118.811     6.347     8.568
     0.841   118.806     6.352     8.572
     0.841   118.801     6.358     8.578
     0.841   118.796     6.363     8.583
     0.841   118.791     6.368     8.587
     0.840   118.786     6.373     8.593
     0.840   118.781     6.379     8.597
     0.840   118.776     6.384     8.602
     0.840   118.771     6.389     8.608
     0.839   118.766     6.394     8.612
     0.839   118.761     6.400     8.616
     0.839   118.756     6.405     8.623
     0.839   118.751     6.410     8.627
     0.838   118.746     6.415     8.632
     0.838   118.741     6.421     8.638
     0.838   118.736     6.426     8.642
     0.838   118.731     6.431     8.647
     0.837   118.727     6.436     8.653
     0.837   118.722     6.441     8.657
     0.837   118.717     6.447     8.661
     0.836   118.712     6.452     8.668
     0.836   118.707     6.457     8.672
     0.836   118.702     6.462     8.676
     0.836   118.697     6.468     8.682
     0.835   118.692     6.473     8.690
     0.835   118.687     6.478     8.695
     0.835   118.682     6.483     8.699
     0.835   118.677     6.488     8.705
     0.834   118.672     6.494     8.710
     0.834   118.667     6.499     8.714
     0.834   118.662     6.504     8.720
     0.834   118.657     6.509     8.724
     0.833   118.652     6.515     8.729
     0.833   118.647     6.520     8.735
     0.833   118.642     6.525     8.739
     0.833   118.637     6.530     8.744
     0.832   118.632     6.535     8.750
     0.832   118.627     6.541     8.755
     0.832   118.623     6.546     8.759
     0.831   118.618     6.551     8.765
     0.831   118.613     6.556     8.770
     0.831   118.608     6.561     8.774
     0.831   118.603     6.567     8.780
     0.830   118.598     6.572     8.785
     0.830   118.593     6.577     8.789
     0.830   118.588     6.582     8.795
     0.830   118.583     6.587     8.800
     0.829   118.578     6.593     8.804
     0.829   118.573     6.598     8.810
     0.829   118.568     6.603     8.814
     0.829   118.563     6.608     8.819
     0.828   118.559     6.613     8.825
     0.828   118.554     6.618     8.830
     0.828   118.549     6.624     8.834
     0.827   118.544     6.629     8.840
     0.827   118.539     6.634     8.844
     0.827   118.534     6.639     8.849
     0.827   118.529     6.644     8.855
     0.826   118.524     6.649     8.859
     0.826   118.519     6.655     8.863
     0.826   118.514     6.660     8.869
     0.826   118.510     6.665     8.874
     0.825   118.505     6.670     8.878
     0.825   118.500     6.675     8.884
     0.825   118.495     6.680     8.889
     0.825   118.490     6.686     8.893
     0.824   118.485     6.691     8.899
     0.824   118.480     6.696     8.903
     0.824   118.475     6.701     8.908
     0.823   118.470     6.706     8.914
     0.823   118.466     6.711     8.919
     0.823   118.461     6.716     8.923
     0.823   118.456     6.722     8.929
     0.822   118.451     6.727     8.933
     0.822   118.446     6.732     8.938
     0.822   118.441     6.737     8.944
     0.822   118.436     6.742     8.948
     0.821   118.431     6.747     8.953
     0.821   118.427     6.752     8.959
     0.821   118.422     6.758     8.964
     0.820   118.417     6.763     8.968
     0.820   118.412     6.768     8.974
     0.820   118.407     6.773     8.978
     0.820   118.402     6.778     8.983
     0.819   118.397     6.783     8.989
     0.819   118.393     6.788     8.994
     0.819   118.388     6.793     8.998
     0.819   118.383     6.799     9.004
     0.818   118.378     6.804     9.008
     0.818   118.373     6.809     9.013
     0.818   118.368     6.814     9.019
     0.817   118.364     6.819     9.023
     0.817   118.359     6.824     9.028
     0.817   118.354     6.829     9.034
     0.817   118.349     6.834     9.038
     0.816   118.344     6.839     9.043
     0.816   118.339     6.845     9.049
     0.816   118.335     6.850     9.053
     0.816   118.330     6.855     9.057
     0.815   118.325     6.860     9.064
     0.815   118.320     6.865     9.068
     0.815   118.315     6.870     9.073
     0.815   118.310     6.875     9.079
     0.814   118.306     6.880     9.084
     0.814   118.301     6.885     9.088
     0.814   118.296     6.890     9.094
     0.813   118.291     6.895     9.099
     0.813   118.286     6.901     9.103
     0.813   118.282     6.906     9.109
     0.813   118.277     6.911     9.114
     0.812   118.272     6.916     9.118
     0.812   118.267     6.921     9.124
     0.812   118.262     6.926     9.128
     0.812   118.258     6.931     9.132
     0.811   118.253     6.936     9.139
     0.811   118.248     6.941     9.143
     0.811   118.243     6.946     9.148
     0.810   118.238     6.951     9.154
     0.810   118.234     6.956     9.159
     0.810   118.229     6.961     9.163
     0.810   118.224     6.966     9.169
     0.809   118.219     6.972     9.174
     0.809   118.214     6.977     9.178
     0.809   118.210     6.982     9.184
     0.808   118.205     6.987     9.192
     0.808   118.200     6.992     9.196
     0.808   118.195     6.997     9.200
     0.808   118.191     7.002     9.206
     0.807   118.186     7.007     9.210
     0.807   118.181     7.012     9.214
     0.807   118.176     7.017     9.221
     0.807   118.171     7.022     9.225
     0.806   118.167     7.027     9.229
     0.806   118.162     7.032     9.236
     0.806   118.157     7.037     9.240
     0.805   118.152     7.042     9.244
     0.805   118.148     7.047     9.250
     0.805   118.143     7.052     9.255
     0.805   118.138     7.057     9.259
     0.804   118.133     7.062     9.265
     0.804   118.129     7.067     9.270
     0.804   118.124     7.072     9.274
     0.804   118.119     7.077     9.280
     0.803   118.114     7.082     9.285
     0.803   118.110     7.087     9.289
     0.803   118.105     7.092     9.295
     0.802   118.100     7.097     9.300
     0.802   118.095     7.102     9.304
     0.802   118.091     7.107     9.310
     0.802   118.086     7.113     9.314
     0.801   118.081     7.118     9.319
     0.801   118.076     7.123     9.325
     0.801   118.072     7.128     9.330
     0.800   118.067     7.133     9.334
     0.800   118.062     7.138     9.340
     0.800   118.058     7.143     9.345
     0.800   118.053     7.148     9.359
     0.799   118.048     7.153     9.365
     0.799   118.043     7.158     9.369
     0.799   118.039     7.163     9.373
     0.799   118.034     7.168     9.379
     0.798   118.029     7.173     9.384
     0.798   118.025     7.177     9.388
     0.798   118.020     7.182     9.395
     0.797   118.015     7.187     9.399
     0.797   118.010     7.192     9.403
     0.797   118.006     7.197     9.409
     0.797   118.001     7.202     9.414
     0.796   117.996     7.207     9.418
     0.796   117.992     7.212     9.424
     0.796   117.987     7.217     9.428
     0.795   117.982     7.222     9.433
     0.795   117.978     7.227     9.439
     0.795   117.973     7.232     9.444
     0.795   117.968     7.237     9.448
     0.794   117.963     7.242     9.454
     0.794   117.959     7.247     9.459
     0.794   117.954     7.252     9.463
     0.794   117.949     7.257     9.469
     0.793   117.945     7.262     9.473
     0.793   117.940     7.267     9.477
     0.793   117.935     7.272     9.483
     0.792   117.931     7.277     9.488
     0.792   117.926     7.282     9.492
     0.792   117.921     7.287     9.498
     0.792   117.917     7.292     9.502
     0.791   117.912     7.297     9.507
     0.791   117.907     7.302     9.513
     0.791   117.903     7.307     9.518
     0.790   117.898     7.312     9.522
     0.790   117.893     7.316     9.528
     0.790   117.889     7.321     9.532
     0.790   117.884     7.326     9.537
     0.789   117.879     7.331     9.542
     0.789   117.875     7.336     9.547
     0.789   117.870     7.341     9.551
     0.788   117.865     7.346     9.558
     0.788   117.861     7.351     9.562
     0.788   117.856     7.356     9.566
     0.788   117.852     7.361     9.572
     0.787   117.847     7.366     9.577
     0.787   117.842     7.371     9.582
     0.787   117.838     7.376     9.588
     0.786   117.833     7.381     9.592
     0.786   117.828     7.385     9.596
     0.786   117.824     7.390     9.603
     0.786   117.819     7.395     9.607
     0.785   117.814     7.400     9.612
     0.785   117.810     7.405     9.616
     0.785   117.805     7.410     9.622
     0.785   117.801     7.415     9.627
     0.784   117.796     7.420     9.631
     0.784   117.791     7.425     9.637
     0.784   117.787     7.430     9.641
     0.783   117.782     7.435     9.645
     0.783   117.777     7.439     9.652
     0.783   117.773     7.444     9.656
     0.783   117.768     7.449     9.661
     0.782   117.764     7.454     9.667
     0.782   117.759     7.459     9.671
     0.782   117.754     7.464     9.676
     0.781   117.750     7.469     9.682
     0.781   117.745     7.474     9.686
     0.781   117.741     7.479     9.690
     0.781   117.736     7.483     9.701
     0.780   117.731     7.488     9.705
     0.780   117.727     7.493     9.709
     0.780   117.722     7.498     9.714
     0.779   117.718     7.503     9.718
     0.779   117.713     7.508     9.724
     0.779   117.709     7.513     9.729
     0.779   117.704     7.518     9.734
     0.778   117.699     7.522     9.740
     0.778   117.695     7.527     9.744
     0.778   117.690     7.532     9.748
     0.777   117.686     7.537     9.755
     0.777   117.681     7.542     9.759
     0.777   117.676     7.547     9.763
     0.777   117.672     7.552     9.769
     0.776   117.667     7.556     9.773
     0.776   117.663     7.561     9.778
     0.776   117.658     7.566     9.784
     0.775   117.654     7.571     9.788
     0.775   117.649     7.576     9.793
     0.775   117.645     7.581     9.799
     0.775   117.640     7.585     9.803
     0.774   117.635     7.590     9.808
     0.774   117.631     7.595     9.814
     0.774   117.626     7.600     9.818
     0.773   117.622     7.605     9.823
     0.773   117.617     7.610     9.828
     0.773   117.613     7.614     9.833
     0.773   117.608     7.619     9.837
     0.772   117.604     7.624     9.844
     0.772   117.599     7.629     9.848
     0.772   117.594     7.634     9.852
     0.771   117.590     7.639     9.858
     0.771   117.585     7.643     9.863
     0.771   117.581     7.648     9.868
     0.771   117.576     7.653     9.873
     0.770   117.572     7.658     9.878
     0.770   117.567     7.663     9.882
     0.770   117.563     7.668     9.888
     0.769   117.558     7.672     9.892
     0.769   117.554     7.677     9.897
     0.769   117.549     7.682     9.902
     0.769   117.545     7.687     9.907
     0.768   117.540     7.692     9.911
     0.768   117.536     7.696     9.917
     0.768   117.531     7.701     9.922
     0.767   117.527     7.706     9.926
     0.767   117.522     7.711     9.932
     0.767   117.518     7.716     9.936
     0.767   117.513     7.720     9.941
     0.766   117.509     7.725     9.947
     0.766   117.504     7.730     9.952
     0.766   117.500     7.735     9.956
     0.765   117.495     7.740     9.962
     0.765   117.491     7.744     9.967
     0.765   117.486     7.749     9.971
     0.765   117.482     7.754     9.975
     0.764   117.477     7.759     9.979
     0.764   117.473     7.763     9.983
     0.764   117.468     7.768     9.989
     0.763   117.464     7.773     9.993
     0.763   117.459     7.778     9.998
     0.763   117.455     7.783    10.002
     0.763   117.450     7.787    10.006
     0.762   117.446     7.792    10.011
     0.762   117.441     7.797    10.016
     0.762   117.437     7.802    10.021
     0.761   117.432     7.806    10.029
     0.761   117.428     7.811    10.036
     0.761   117.423     7.816    10.043
     0.761   117.419     7.821    10.048
     0.760   117.414     7.825    10.052
     0.760   117.410     7.830    10.057
     0.760   117.405     7.835    10.063
     0.759   117.401     7.840    10.067
     0.759   117.397     7.844    10.072
     0.759   117.392     7.849    10.077
     0.759   117.388     7.854    10.081
     0.758   117.383     7.859    10.085
     0.758   117.379     7.863    10.091
     0.758   117.374     7.868    10.096
     0.757   117.370     7.873    10.100
     0.757   117.365     7.878    10.105
     0.757   117.361     7.882    10.109
     0.757   117.357     7.887    10.113
     0.756   117.352     7.892    10.118
     0.756   117.348     7.896    10.122
     0.756   117.343     7.901    10.126
     0.755   117.339     7.906    10.131
     0.755   117.334     7.911    10.135
     0.755   117.330     7.915    10.139
     0.754   117.326     7.920    10.144
     0.754   117.321     7.925    10.148
     0.754   117.317     7.929    10.153
     0.754   117.312     7.934    10.157
     0.753   117.308     7.939    10.162
     0.753   117.303     7.944    10.166
     0.753   117.299     7.948    10.172
     0.752   117.295     7.953    10.176
     0.752   117.290     7.958    10.181
     0.752   117.286     7.962    10.189
     0.752   117.281     7.967    10.194
     0.751   117.277     7.972    10.198
     0.751   117.273     7.977    10.202
     0.751   117.268     7.981    10.208
     0.750   117.264     7.986    10.213
     0.750   117.259     7.991    10.217
     0.750   117.255     7.995    10.223
     0.750   117.251     8.000    10.228
     0.749   117.246     8.005    10.232
     0.749   117.242     8.009    10.238
     0.749   117.237     8.014    10.243
     0.748   117.233     8.019    10.247
     0.748   117.229     8.023    10.253
     0.748   117.224     8.028    10.257
     0.748   117.220     8.033    10.262
     0.747   117.215     8.037    10.268
     0.747   117.211     8.042    10.272
     0.747   117.207     8.047    10.276
     0.746   117.202     8.051    10.283
     0.746   117.198     8.056    10.287
     0.746   117.194     8.061    10.292
     0.745   117.189     8.065    10.298
     0.745   117.185     8.070    10.303
     0.745   117.180     8.075    10.307
     0.745   117.176     8.079    10.313
     0.744   117.172     8.084    10.317
     0.744   117.167     8.089    10.321
     0.744   117.163     8.093    10.328
     0.743   117.159     8.098    10.332
     0.743   117.154     8.103    10.336
     0.743   117.150     8.107    10.342
     0.743   117.146     8.112    10.347
     0.742   117.141     8.117    10.351
     0.742   117.137     8.121    10.357
     0.742   117.133     8.126    10.362
     0.741   117.128     8.130    10.366
     0.741   117.124     8.135    10.372
     0.741   117.119     8.140    10.376
     0.741   117.115     8.144    10.380
     0.740   117.111     8.149    10.387
     0.740   117.106     8.154    10.391
     0.740   117.102     8.158    10.395
     0.739   117.098     8.163    10.401
     0.739   117.093     8.167    10.406
     0.739   117.089     8.172    10.410
     0.738   117.085     8.177    10.416
     0.738   117.081     8.181    10.421
     0.738   117.076     8.186    10.425
     0.738   117.072     8.191    10.431
     0.737   117.068     8.195    10.435
     0.737   117.063     8.200    10.440
     0.737   117.059     8.204    10.446
     0.736   117.055     8.209    10.450
     0.736   117.050     8.214    10.455
     0.736   117.046     8.218    10.461
     0.736   117.042     8.223    10.465
     0.735   117.037     8.227    10.469
     0.735   117.033     8.232    10.476
     0.735   117.029     8.237    10.480
     0.734   117.024     8.241    10.484
     0.734   117.020     8.246    10.490
     0.734   117.016     8.250    10.495
     0.734   117.012     8.255    10.499
     0.733   117.007     8.259    10.505
     0.733   117.003     8.264    10.510
     0.733   116.999     8.269    10.514
     0.732   116.994     8.273    10.520
     0.732   116.990     8.278    10.525
     0.732   116.986     8.282    10.529
     0.731   116.982     8.287    10.535
     0.731   116.977     8.292    10.540
     0.731   116.973     8.296    10.544
     0.731   116.969     8.301    10.550
     0.730   116.965     8.305    10.555
     0.730   116.960     8.310    10.559
     0.730   116.956     8.314    10.566
     0.729   116.952     8.319    10.570
     0.729   116.947     8.323    10.574
     0.729   116.943     8.328    10.580
     0.729   116.939     8.333    10.584
     0.728   116.935     8.337    10.589
     0.728   116.930     8.342    10.595
     0.728   116.926     8.346    10.600
     0.727   116.922     8.351    10.604
     0.727   116.918     8.355    10.610
     0.727   116.913     8.360    10.614
     0.726   116.909     8.364    10.618
     0.726   116.905     8.369    10.624
     0.726   116.901     8.374    10.629
     0.726   116.896     8.378    10.633
     0.725   116.892     8.383    10.639
     0.725   116.888     8.387    10.644
     0.725   116.884     8.392    10.648
     0.724   116.879     8.396    10.654
     0.724   116.875     8.401    10.659
     0.724   116.871     8.405    10.663
     0.724   116.867     8.410    10.669
     0.723   116.863     8.414    10.673
     0.723   116.858     8.419    10.677
     0.723   116.854     8.423    10.683
     0.722   116.850     8.428    10.688
     0.722   116.846     8.432    10.693
     0.722   116.841     8.437    10.699
     0.721   116.837     8.441    10.703
     0.721   116.833     8.446    10.708
     0.721   116.829     8.450    10.714
     0.721   116.825     8.455    10.718
     0.720   116.820     8.459    10.723
     0.720   116.816     8.464    10.729
     0.720   116.812     8.468    10.734
     0.719   116.808     8.473    10.738
     0.719   116.804     8.477    10.744
     0.719   116.799     8.482    10.748
     0.719   116.795     8.486    10.753
     0.718   116.791     8.491    10.759
     0.718   116.787     8.495    10.764
     0.718   116.783     8.500    10.768
     0.717   116.778     8.504    10.774
     0.717   116.774     8.509    10.778
     0.717   116.770     8.513    10.782
     0.716   116.766     8.518    10.788
     0.716   116.762     8.522    10.793
     0.716   116.757     8.527    10.798
     0.716   116.753     8.531    10.804
     0.715   116.749     8.536    10.808
     0.715   116.745     8.540    10.813
     0.715   116.741     8.545    10.819
     0.714   116.737     8.549    10.824
     0.714   116.732     8.554    10.828
     0.714   116.728     8.558    10.834
     0.714   116.724     8.562    10.838
     0.713   116.720     8.567    10.842
     0.713   116.716     8.571    10.849
     0.713   116.712     8.576    10.853
     0.712   116.707     8.580    10.857
     0.712   116.703     8.585    10.863
     0.712   116.699     8.589    10.867
     0.711   116.695     8.594    10.872
     0.711   116.691     8.598    10.878
     0.711   116.687     8.603    10.882
     0.711   116.682     8.607    10.886
     0.710   116.678     8.611    10.893
     0.710   116.674     8.616    10.897
     0.710   116.670     8.620    10.902
     0.709   116.666     8.625    10.908
     0.709   116.662     8.629    10.912
     0.709   116.658     8.634    10.917
     0.708   116.654     8.638    10.923
     0.708   116.649     8.642    10.928
     0.708   116.645     8.647    10.933
     0.708   116.641     8.651    10.938
     0.707   116.637     8.656    10.943
     0.707   116.633     8.660    10.947
     0.707   116.629     8.665    10.954
     0.706   116.625     8.669    10.958
     0.706   116.621     8.673    10.962
     0.706   116.616     8.678    10.968
     0.706   116.612     8.682    10.973
     0.705   116.608     8.687    10.977
     0.705   116.604     8.691    10.983
     0.705   116.600     8.695    10.987
     0.704   116.596     8.700    10.992
     0.704   116.592     8.704    10.997
     0.704   116.588     8.709    11.002
     0.703   116.584     8.713    11.006
     0.703   116.579     8.717    11.012
     0.703   116.575     8.722    11.017
     0.703   116.571     8.726    11.021
     0.702   116.567     8.731    11.027
     0.702   116.563     8.735    11.031
     0.702   116.559     8.739    11.035
     0.701   116.555     8.744    11.041
     0.701   116.551     8.748    11.045
     0.701   116.547     8.753    11.050
     0.700   116.543     8.757    11.056
     0.700   116.539     8.761    11.060
     0.700   116.534     8.766    11.065
     0.700   116.530     8.770    11.071
     0.699   116.526     8.774    11.075
     0.699   116.522     8.779    11.080
     0.699   116.518     8.783    11.086
     0.698   116.514     8.788    11.091
     0.698   116.510     8.792    11.095
     0.698   116.506     8.796    11.101
     0.698   116.502     8.801    11.106
     0.697   116.498     8.805    11.110
     0.697   116.494     8.809    11.116
     0.697   116.490     8.814    11.120
     0.696   116.486     8.818    11.125
     0.696   116.482     8.822    11.131
     0.696   116.478     8.827    11.136
     0.695   116.473     8.831    11.140
     0.695   116.469     8.835    11.146
     0.695   116.465     8.840    11.151
     0.695   116.461     8.844    11.155
     0.694   116.457     8.848    11.161
     0.694   116.453     8.853    11.166
     0.694   116.449     8.857    11.170
     0.693   116.445     8.861    11.176
     0.693   116.441     8.866    11.183
     0.693   116.437     8.870    11.188
     0.692   116.433     8.874    11.192
     0.692   116.429     8.879    11.198
     0.692   116.425     8.883    11.202
     0.692   116.421     8.887    11.207
     0.691   116.417     8.892    11.212
     0.691   116.413     8.896    11.217
     0.691   116.409     8.900    11.222
     0.690   116.405     8.905    11.228
     0.690   116.401     8.909    11.233
     0.690   116.397     8.913    11.237
     0.690   116.393     8.918    11.243
     0.689   116.389     8.922    11.248
     0.689   116.385     8.926    11.252
     0.689   116.381     8.931    11.258
     0.688   116.377     8.935    11.262
     0.688   116.373     8.939    11.267
     0.688   116.369     8.944    11.272
     0.687   116.365     8.948    11.276
     0.687   116.361     8.952    11.281
     0.687   116.357     8.956    11.287
     0.687   116.353     8.961    11.291
     0.686   116.349     8.965    11.295
     0.686   116.345     8.969    11.302
     0.686   116.341     8.974    11.306
     0.685   116.337     8.978    11.310
     0.685   116.333     8.982    11.316
     0.685   116.329     8.986    11.321
     0.684   116.325     8.991    11.325
     0.684   116.321     8.995    11.331
     0.684   116.317     8.999    11.336
     0.684   116.313     9.004    11.341
     0.683   116.309     9.008    11.346
     0.683   116.305     9.012    11.351
     0.683   116.301     9.016    11.355
     0.682   116.297     9.021    11.360
     0.682   116.293     9.025    11.363
     0.682   116.289     9.029    11.367
     0.682   116.285     9.033    11.370
     0.681   116.281     9.038    11.375
     0.681   116.277     9.042    11.380
     0.681   116.273     9.046    11.383
     0.680   116.269     9.050    11.388
     0.680   116.265     9.055    11.392
     0.680   116.261     9.059    11.399
     0.679   116.257     9.063    11.403
     0.679   116.253     9.067    11.407
     0.679   116.250     9.072    11.412
     0.679   116.246     9.076    11.426
     0.678   116.242     9.080    11.432
     0.678   116.238     9.084    11.437
     0.678   116.234     9.089    11.440
     0.677   116.230     9.093    11.445
     0.677   116.226     9.097    11.448
     0.677   116.222     9.101    11.455
     0.676   116.218     9.106    11.459
     0.676   116.214     9.110    11.464
     0.676   116.210     9.114    11.523
     0.676   116.206     9.118    11.528
     0.675   116.202     9.122    11.532
     0.675   116.198     9.127    11.536
     0.675   116.194     9.131    11.540
     0.674   116.191     9.135    11.544
     0.674   116.187     9.139    11.549
     0.674   116.183     9.144    11.552
     0.673   116.179     9.148    11.556
     0.673   116.175     9.152    11.560
     0.673   116.171     9.156    11.565
     0.673   116.167     9.160    11.569
     0.672   116.163     9.165    11.574
     0.672   116.159     9.169    11.579
     0.672   116.155     9.173    11.583
     0.671   116.151     9.177    11.587
     0.671   116.148     9.181    11.592
     0.671   116.144     9.186    11.596
     0.671   116.140     9.190    11.600
     0.670   116.136     9.194    11.605
     0.670   116.132     9.198    11.609
     0.670   116.128     9.202    11.613
     0.669   116.124     9.207    11.618
     0.669   116.120     9.211    11.622
     0.669   116.116     9.215    11.626
     0.668   116.113     9.219    11.631
     0.668   116.109     9.223    11.635
     0.668   116.105     9.227    11.639
     0.668   116.101     9.232    11.643
     0.667   116.097     9.236    11.648
     0.667   116.093     9.240    11.652
     0.667   116.089     9.244    11.656
     0.666   116.085     9.248    11.660
     0.666   116.082     9.252    11.664
     0.666   116.078     9.257    11.668
     0.665   116.074     9.261    11.672
     0.665   116.070     9.265    11.676
     0.665   116.066     9.269    11.680
     0.665   116.062     9.273    11.685
     0.664   116.058     9.277    11.689
     0.664   116.055     9.282    11.693
     0.664   116.051     9.286    11.698
     0.663   116.047     9.290    11.705
     0.663   116.043     9.294    11.709
     0.663   116.039     9.298    11.713
     0.662   116.035     9.302    11.718
     0.662   116.031     9.306    11.722
     0.662   116.028     9.311    11.726
     0.662   116.024     9.315    11.731
     0.661   116.020     9.319    11.735
     0.661   116.016     9.323    11.740
     0.661   116.012     9.327    11.743
     0.660   116.008     9.331    11.748
     0.660   116.005     9.335    11.752
     0.660   116.001     9.339    11.757
     0.660   115.997     9.344    11.761
     0.659   115.993     9.348    11.765
     0.659   115.989     9.352    11.769
     0.659   115.985     9.356    11.773
     0.658   115.982     9.360    11.777
     0.658   115.978     9.364    11.782
     0.658   115.974     9.368    11.786
     0.657   115.970     9.372    11.791
     0.657   115.966     9.376    11.795
     0.657   115.963     9.381    11.799
     0.657   115.959     9.385    11.803
     0.656   115.955     9.389    11.808
     0.656   115.951     9.393    11.812
     0.656   115.947     9.397    11.816
     0.655   115.944     9.401    11.819
     0.655   115.940     9.405    11.824
     0.655   115.936     9.409    11.827
     0.654   115.932     9.413    11.832
     0.654   115.928     9.417    11.836
     0.654   115.925     9.422    11.841
     0.654   115.921     9.426    11.845
     0.653   115.917     9.430    11.849
     0.653   115.913     9.434    11.854
     0.653   115.909     9.438    11.858
     0.652   115.906     9.442    11.862
     0.652   115.902     9.446    11.867
     0.652   115.898     9.450    11.871
     0.652   115.894     9.454    11.876
     0.651   115.891     9.458    11.880
     0.651   115.887     9.462    11.884
     0.651   115.883     9.466    11.889
     0.650   115.879     9.470    11.893
     0.650   115.875     9.475    11.897
     0.650   115.872     9.479    11.901
     0.649   115.868     9.483    11.906
     0.649   115.864     9.487    11.910
     0.649   115.860     9.491    11.914
     0.649   115.857     9.495    11.918
     0.648   115.853     9.499    11.922
     0.648   115.849     9.503    11.925
     0.648   115.845     9.507    11.928
     0.647   115.842     9.511    11.934
     0.647   115.838     9.515    11.938
     0.647   115.834     9.519    11.942
     0.646   115.830     9.523    11.947
     0.646   115.827     9.527    11.951
     0.646   115.823     9.531    11.955
     0.646   115.819     9.535    11.959
     0.645   115.815     9.539    11.964
     0.645   115.812     9.543    11.968
     0.645   115.808     9.547    11.971
     0.644   115.804     9.551    11.974
     0.644   115.800     9.555    11.979
     0.644   115.797     9.559    11.983
     0.644   115.793     9.564    11.988
     0.643   115.789     9.568    11.992
     0.643   115.786     9.572    11.996
     0.643   115.782     9.576    12.001
     0.642   115.778     9.580    12.005
     0.642   115.774     9.584    12.009
     0.642   115.771     9.588    12.013
     0.641   115.767     9.592    12.018
     0.641   115.763     9.596    12.022
     0.641   115.760     9.600    12.026
     0.641   115.756     9.604    12.030
     0.640   115.752     9.608    12.035
     0.640   115.748     9.612    12.039
     0.640   115.745     9.616    12.043
     0.639   115.741     9.620    12.047
     0.639   115.737     9.624    12.052
     0.639   115.734     9.628    12.056
     0.638   115.730     9.632    12.060
     0.638   115.726     9.636    12.064
     0.638   115.723     9.640    12.069
     0.638   115.719     9.644    12.073
     0.637   115.715     9.648    12.078
     0.637   115.711     9.652    12.082
     0.637   115.708     9.656    12.087
     0.636   115.704     9.660    12.092
     0.636   115.700     9.663    12.096
     0.636   115.697     9.667    12.100
     0.636   115.693     9.671    12.104
     0.635   115.689     9.675    12.108
     0.635   115.686     9.679    12.113
     0.635   115.682     9.683    12.117
     0.634   115.678     9.687    12.121
     0.634   115.675     9.691    12.125
     0.634   115.671     9.695    12.133
     0.633   115.667     9.699    12.137
     0.633   115.664     9.703    12.141
     0.633   115.660     9.707    12.145
     0.633   115.656     9.711    12.150
     0.632   115.653     9.715    12.155
     0.632   115.649     9.719    12.158
     0.632   115.645     9.723    12.163
     0.631   115.642     9.727    12.167
     0.631   115.638     9.731    12.171
     0.631   115.634     9.735    12.175
     0.630   115.631     9.739    12.180
     0.630   115.627     9.743    12.184
     0.630   115.624     9.747    12.189
     0.630   115.620     9.751    12.193
     0.629   115.616     9.754    12.197
     0.629   115.613     9.758    12.202
     0.629   115.609     9.762    12.206
     0.628   115.605     9.766    12.210
     0.628   115.602     9.770    12.214
     0.628   115.598     9.774    12.217
     0.628   115.594     9.778    12.222
     0.627   115.591     9.782    12.225
     0.627   115.587     9.786    12.229
     0.627   115.584     9.790    12.233
     0.626   115.580     9.794    12.236
     0.626   115.576     9.798    12.240
     0.626   115.573     9.802    12.244
     0.625   115.569     9.805    12.247
     0.625   115.565     9.809    12.251
     0.625   115.562     9.813    12.254
     0.625   115.558     9.817    12.260
     0.624   115.555     9.821    12.264
     0.624   115.551     9.825    12.267
     0.624   115.547     9.829    12.272
     0.623   115.544     9.833    12.276
     0.623   115.540     9.837    12.281
     0.623   115.537     9.841    12.285
     0.623   115.533     9.844    12.289
     0.622   115.529     9.848    12.293
     0.622   115.526     9.852    12.297
     0.622   115.522     9.856    12.301
     0.621   115.519     9.860    12.306
     0.621   115.515     9.864    12.309
     0.621   115.511     9.868    12.314
     0.620   115.508     9.872    12.318
     0.620   115.504     9.876    12.322
     0.620   115.501     9.879    12.326
     0.620   115.497     9.883    12.330
     0.619   115.494     9.887    12.334
     0.619   115.490     9.891    12.338
     0.619   115.486     9.895    12.343
     0.618   115.483     9.899    12.347
     0.618   115.479     9.903    12.352
     0.618   115.476     9.907    12.356
     0.618   115.472     9.910    12.360
     0.617   115.469     9.914    12.365
     0.617   115.465     9.918    12.368
     0.617   115.461     9.922    12.373
     0.616   115.458     9.926    12.377
     0.616   115.454     9.930    12.381
     0.616   115.451     9.933    12.386
     0.615   115.447     9.937    12.390
     0.615   115.444     9.941    12.394
     0.615   115.440     9.945    12.399
     0.615   115.437     9.949    12.403
     0.614   115.433     9.953    12.408
     0.614   115.429     9.957    12.412
     0.614   115.426     9.960    12.416
     0.613   115.422     9.964    12.420
     0.613   115.419     9.968    12.424
     0.613   115.415     9.972    12.429
     0.613   115.412     9.976    12.433
     0.612   115.408     9.980    12.438
     0.612   115.405     9.983    12.442
     0.612   115.401     9.987    12.446
     0.611   115.398     9.991    12.450
     0.611   115.394     9.995    12.455
     0.611   115.391     9.999    12.459
     0.610   115.387    10.002    12.463
     0.610   115.384    10.006    12.467
     0.610   115.380    10.010    12.472
     0.610   115.377    10.014    12.476
     0.609   115.373    10.018    12.480
     0.609   115.369    10.022    12.484
     0.609   115.366    10.025    12.489
     0.608   115.362    10.029    12.493
     0.608   115.359    10.033    12.497
     0.608   115.355    10.037    12.502
     0.608   115.352    10.041    12.506
     0.607   115.348    10.044    12.510
     0.607   115.345    10.048    12.515
     0.607   115.341    10.052    12.519
     0.606   115.338    10.056    12.524
     0.606   115.334    10.060    12.528
     0.606   115.331    10.063    12.532
     0.605   115.327    10.067    12.537
     0.605   115.324    10.071    12.540
     0.605   115.320    10.075    12.545
     0.605   115.317    10.078    12.550
     0.604   115.313    10.082    12.557
     0.604   115.310    10.086    12.561
     0.604   115.307    10.090    12.565
     0.603   115.303    10.094    12.569
     0.603   115.300    10.097    12.573
     0.603   115.296    10.101    12.577
     0.603   115.293    10.105    12.582
     0.602   115.289    10.109    12.586
     0.602   115.286    10.112    12.590
     0.602   115.282    10.116    12.594
     0.601   115.279    10.120    12.599
     0.601   115.275    10.124    12.602
     0.601   115.272    10.127    12.607
     0.601   115.268    10.131    12.611
     0.600   115.265    10.135    12.616
     0.600   115.261    10.139    12.619
     0.600   115.258    10.142    12.624
     0.599   115.255    10.146    12.628
     0.599   115.251    10.150    12.632
     0.599   115.248    10.154    12.636
     0.598   115.244    10.157    12.641
     0.598   115.241    10.161    12.645
     0.598   115.237    10.165    12.650
     0.598   115.234    10.169    12.654
     0.597   115.230    10.172    12.658
     0.597   115.227    10.176    12.663
     0.597   115.223    10.180    12.667
     0.596   115.220    10.184    12.671
     0.596   115.217    10.187    12.676
     0.596   115.213    10.191    12.680
     0.596   115.210    10.195    12.684
     0.595   115.206    10.198    12.688
     0.595   115.203    10.202    12.693
     0.595   115.199    10.206    12.697
     0.594   115.196    10.210    12.701
     0.594   115.193    10.213    12.706
     0.594   115.189    10.217    12.709
     0.594   115.186    10.221    12.714
     0.593   115.182    10.224    12.718
     0.593   115.179    10.228    12.722
     0.593   115.176    10.232    12.726
     0.592   115.172    10.236    12.731
     0.592   115.169    10.239    12.735
     0.592   115.165    10.243    12.739
     0.591   115.162    10.247    12.744
     0.591   115.158    10.250    12.748
     0.591   115.155    10.254    12.753
     0.591   115.152    10.258    12.757
     0.590   115.148    10.261    12.761
     0.590   115.145    10.265    12.765
     0.590   115.141    10.269    12.769
     0.589   115.138    10.273    12.774
     0.589   115.135    10.276    12.779
     0.589   115.131    10.280    12.783
     0.589   115.128    10.284    12.787
     0.588   115.125    10.287    12.792
     0.588   115.121    10.291    12.797
     0.588   115.118    10.295    12.803
     0.587   115.114    10.298    12.809
     0.587   115.111    10.302    12.813
     0.587   115.108    10.306    12.817
     0.587   115.104    10.309    12.822
     0.586   115.101    10.313    12.826
     0.586   115.097    10.317    12.831
     0.586   115.094    10.320    12.835
     0.585   115.091    10.324    12.840
     0.585   115.087    10.328    12.844
     0.585   115.084    10.331    12.849
     0.585   115.081    10.335    12.853
     0.584   115.077    10.339    12.857
     0.584   115.074    10.342    12.861
     0.584   115.071    10.346    12.865
     0.583   115.067    10.350    12.870
     0.583   115.064    10.353    12.873
     0.583   115.060    10.357    12.878
     0.582   115.057    10.360    12.883
     0.582   115.054    10.364    12.886
     0.582   115.050    10.368    12.890
     0.582   115.047    10.371    12.895
     0.581   115.044    10.375    12.899
     0.581   115.040    10.379    12.904
     0.581   115.037    10.382    12.908
     0.580   115.034    10.386    12.913
     0.580   115.030    10.390    12.917
     0.580   115.027    10.393    12.921
     0.580   115.024    10.397    12.926
     0.579   115.020    10.400    12.930
     0.579   115.017    10.404    12.934
     0.579   115.014    10.408    12.938
     0.578   115.010    10.411    12.943
     0.578   115.007    10.415    12.947
     0.578   115.004    10.418    12.951
     0.578   115.000    10.422    12.955
     0.577   114.997    10.426    12.960
     0.577   114.994    10.429    12.963
     0.577   114.990    10.433    12.968
     0.576   114.987    10.437    12.973
     0.576   114.984    10.440    12.977
     0.576   114.980    10.444    12.982
     0.576   114.977    10.447    12.986
     0.575   114.974    10.451    12.994
