     1.000   125.000     0.000     0.000
     0.951   124.951     0.099     0.053
     0.904   124.904     0.193     0.068
     0.859   124.859     0.282     0.080
     0.817   124.817     0.367     0.093
     0.776   124.777     0.447     0.104
     0.738   124.738     0.524     0.113
     0.701   124.702     0.597     0.125
     0.667   124.667     0.666     0.135
     0.634   124.635     0.732     0.147
     0.602   124.603     0.794     0.158
     0.572   124.574     0.854     0.168
     0.544   124.546     0.910     0.178
     0.517   124.519     0.964     0.189
     0.491   124.493     1.015     0.199
     0.467   124.469     1.064     0.211
     0.444   124.446     1.110     0.221
     0.422   124.425     1.154     0.233
     0.401   124.404     1.195     0.245
     0.381   124.384     1.235     0.255
     0.362   124.365     1.272     0.265
     0.344   124.348     1.308     0.275
     0.327   124.331     1.342     0.285
     0.311   124.315     1.374     0.296
     0.296   124.299     1.405     0.331
     0.281   124.285     1.434     0.341
     0.267   124.271     1.462     0.352
     0.254   124.258     1.488     0.362
     0.241   124.246     1.513     0.373
     0.229   124.234     1.537     0.383
     0.218   124.222     1.560     0.394
     0.207   124.212     1.581     0.404
     0.197   124.202     1.602     0.415
     0.187   124.192     1.621     0.425
     0.178   124.183     1.640     0.436
     0.169   124.174     1.657     0.446
     0.160   124.166     1.674     0.456
     0.152   124.158     1.690     0.467
     0.145   124.151     1.705     0.483
     0.138   124.143     1.719     0.500
     0.131   124.137     1.733     0.516
     0.124   124.130     1.745     0.534
     0.118   124.124     1.758     0.550
     0.112   124.118     1.769     0.565
     0.107   124.113     1.780     0.581
     0.101   124.108     1.791     0.597
     0.096   124.103     1.801     0.613
     0.092   124.098     1.811     0.628
     0.087   124.093     1.820     0.643
     0.083   124.089     1.828     0.659
     0.079   124.085     1.836     0.674
     0.075   124.081     1.844     0.690
     0.071   124.078     1.851     0.705
     0.067   124.074     1.858     0.721
     0.064   124.071     1.865     0.736
     0.061   124.068     1.871     0.750
     0.058   124.065     1.877     0.764
     0.055   124.062     1.883     0.778
     0.052   124.059     1.889     0.789
     0.050   124.057     1.894     0.799
     0.047   124.054     1.899     0.810
     0.045   124.052     1.903     0.822
     0.043   124.050     1.908     0.833
     0.040   124.048     1.912     0.843
     0.038   124.046     1.916     0.854
     0.037   124.044     1.920     0.863
     0.035   124.042     1.923     0.873
     0.033   124.040     1.927     0.883
     0.031   124.039     1.930     0.895
     0.030   124.037     1.933     0.905
     0.028   124.036     1.936     0.916
     0.027   124.034     1.939     0.927
     0.026   124.033     1.941     0.936
     0.024   124.032     1.944     0.946
     0.023   124.031     1.946     0.956
     0.022   124.029     1.949     0.967
     0.021   124.028     1.951     0.977
     0.020   124.027     1.953     0.986
     0.019   124.026     1.955     0.997
     0.018   124.025     1.957     1.006
     0.017   124.025     1.958     1.016
     0.016   124.024     1.960     1.027
     0.015   124.023     1.962     1.037
     0.015   124.022     1.963     1.047
     0.014   124.021     1.965     1.058
     0.013   124.021     1.966     1.067
     0.013   124.020     1.967     1.077
     0.012   124.020     1.969     1.088
     0.011   124.019     1.970     1.100
     0.011   124.018     1.971     1.109
     0.010   124.018     1.972     1.121
     0.010   124.017     1.973     1.132
     0.009   124.017     1.974     1.144
     0.009   124.016     1.975     1.156
     0.008   124.016     1.976     1.166
     0.008   124.016     1.976     1.176
     0.008   124.015     1.977     1.187
     0.007   124.015     1.978     1.198
     0.007   124.015     1.979     1.209
     0.006   124.014     1.979     1.218
     0.006   124.014     1.980     1.244
     0.006   124.014     1.981     1.255
     0.006   124.013     1.981     1.265
     0.005   124.013     1.982     1.275
     0.005   124.013     1.982     1.286
     0.005   124.013     1.983     1.296
     0.005   124.012     1.983     1.307
     0.004   124.012     1.984     1.317
     0.004   124.012     1.984     1.328
     0.004   124.012     1.985     1.338
     0.004   124.011     1.985     1.348
     0.003   124.011     1.985     1.359
     0.003   124.011     1.986     1.370
     0.003   124.011     1.986     1.380
     0.003   124.011     1.986     1.392
     0.003   124.011     1.987     1.403
     0.003   124.011     1.987     1.413
     0.003   124.010     1.987     1.424
     0.002   124.010     1.987     1.435
     0.002   124.010     1.988     1.445
     0.002   124.010     1.988     1.456
     0.002   124.010     1.988     1.467
     0.002   124.010     1.988     1.478
     0.002   124.010     1.988     1.490
     0.002   124.010     1.989     1.501
     0.002   124.010     1.989     1.511
     0.002   124.009     1.989     1.522
     0.002   124.009     1.989     1.534
     0.001   124.009     1.989     1.545
     0.001   124.009     1.989     1.555
     0.001   124.009     1.990     1.565
     0.001   124.009     1.990     1.577
     0.001   124.009     1.990     1.587
     0.001   124.009     1.990     1.599
     0.001   124.009     1.990     1.610
     0.001   124.009     1.990     1.620
     0.001   124.009     1.990     1.630
     0.001   124.009     1.990     1.642
     0.001   124.009     1.990     1.653
     0.001   124.009     1.991     1.664
     0.001   124.009     1.991     1.674
     0.001   124.009     1.991     1.685
     0.001   124.009     1.991     1.696
     0.001   124.009     1.991     1.706
     0.001   124.008     1.991     1.716
     0.001   124.008     1.991     1.725
     0.001   124.008     1.991     1.736
     0.001   124.008     1.991     1.745
     0.001   124.008     1.991     1.754
     0.001   124.008     1.991     1.764
     0.000   124.008     1.991     1.774
     0.000   124.008     1.991     1.784
     0.000   124.008     1.991     1.793
     0.000   124.008     1.991     1.804
     0.000   124.008     1.991     1.814
     0.000   124.008     1.991     1.823
     0.000   124.008     1.991     1.832
     0.000   124.008     1.992     1.841
     0.000   124.008     1.992     1.850
     0.000   124.008     1.992     1.861
     0.000   124.008     1.992     1.872
     0.000   124.008     1.992     1.882
     0.000   124.008     1.992     1.891
     0.000   124.008     1.992     1.902
     0.000   124.008     1.992     1.912
     0.000   124.008     1.992     1.921
     0.000   124.008     1.992     1.931
     0.000   124.008     1.992     1.942
     0.000   124.008     1.992     1.951
     0.000   124.008     1.992     1.962
     0.000   124.008     1.992     1.972
     0.000   124.008     1.992     1.983
     0.000   124.008     1.992     1.993
     0.000   124.008     1.992     2.002
     0.000   124.008     1.992     2.012
     0.000   124.008     1.992     2.022
     0.000   124.008     1.992     2.031
     0.000   124.008     1.992     2.041
     0.000   124.008     1.992     2.050
     0.000   124.008     1.992     2.060
     0.000   124.008     1.992     2.071
     0.000   124.008     1.992     2.081
     0.000   124.008     1.992     2.092
     0.000   124.008     1.992     2.102
     0.000   124.008     1.992     2.113
     0.000   124.008     1.992     2.123
     0.000   124.008     1.992     2.133
     0.000   124.008     1.992     2.144
     0.000   124.008     1.992     2.154
     0.000   124.008     1.992     2.165
     0.000   124.008     1.992     2.175
     0.000   124.008     1.992     2.186
     0.000   124.008     1.992     2.197
     0.000   124.008     1.992     2.209
     0.000   124.008     1.992     2.220
     0.000   124.008     1.992     2.230
     0.000   124.008     1.992     2.241
     0.000   124.008     1.992     2.251
     0.000   124.008     1.992     2.263
     0.000   124.008     1.992     2.273
     0.000   124.008     1.992     2.292
     0.000   124.008     1.992     2.302
     0.000   124.008     1.992     2.313
     0.000   124.008     1.992     2.324
     0.000   124.008     1.992     2.334
     0.000   124.008     1.992     2.344
     0.000   124.008     1.992     2.355
     0.000   124.008     1.992     2.365
     0.000   124.008     1.992     2.376
     0.000   124.008     1.992     2.386
     0.000   124.008     1.992     2.400
     0.000   124.008     1.992     2.410
     0.000   124.008     1.992     2.422
     0.000   124.008     1.992     2.433
     0.000   124.008     1.992     2.443
     0.000   124.008     1.992     2.453
     0.000   124.008     1.992     2.463
     0.000   124.008     1.992     2.473
     0.000   124.008     1.992     2.484
     0.000   124.008     1.992     2.494
     0.000   124.008     1.992     2.504
     0.000   124.008     1.992     2.515
     0.000   124.008     1.992     2.525
     0.000   124.008     1.992     2.536
     0.000   124.008     1.992     2.546
     0.000   124.008     1.992     2.557
     0.000   124.008     1.992     2.567
     0.000   124.008     1.992     2.577
     0.000   124.008     1.992     2.586
     0.000   124.008     1.992     2.597
     0.000   124.008     1.992     2.608
     0.000   124.008     1.992     2.617
     0.000   124.008     1.992     2.627
     0.000   124.008     1.992     2.637
     0.000   124.008     1.992     2.648
     0.000   124.008     1.992     2.657
     0.000   124.008     1.992     2.667
     0.000   124.008     1.992     2.677
     0.000   124.008     1.992     2.687
     0.000   124.008     1.992     2.698
     0.000   124.008     1.992     2.708
     0.000   124.008     1.992     2.719
     0.000   124.008     1.992     2.729
     0.000   124.008     1.992     2.739
     0.000   124.008     1.992     2.750
     0.000   124.008     1.992     2.760
     0.000   124.008     1.992     2.770
     0.000   124.008     1.992     2.781
     0.000   124.008     1.992     2.791
     0.000   124.008     1.992     2.800
     0.000   124.008     1.992     2.810
     0.000   124.008     1.992     2.821
     0.000   124.008     1.992     2.831
     0.000   124.008     1.992     2.841
     0.000   124.008     1.992     2.851
     0.000   124.008     1.992     2.861
     0.000   124.008     1.992     2.871
     0.000   124.008     1.992     2.881
     0.000   124.008     1.992     2.892
     0.000   124.008     1.992     2.905
     0.000   124.008     1.992     2.914
     0.000   124.008     1.992     2.925
     0.000   124.008     1.992     2.935
     0.000   124.008     1.992     2.945
     0.000   124.008     1.992     2.955
     0.000   124.008     1.992     2.966
     0.000   124.008     1.992     2.977
     0.000   124.008     1.992     2.987
     0.000   124.008     1.992     2.996
     0.000   124.008     1.992     3.008
     0.000   124.008     1.992     3.019
     0.000   124.008     1.992     3.029
     0.000   124.008     1.992     3.039
     0.000   124.008     1.992     3.051
     0.000   124.008     1.992     3.062
     0.000   124.008     1.992     3.073
     0.000   124.008     1.992     3.085
     0.000   124.008     1.992     3.095
     0.000   124.008     1.992     3.104
     0.000   124.008     1.992     3.116
     0.000   124.008     1.992     3.126
     0.000   124.008     1.992     3.137
     0.000   124.008     1.992     3.148
     0.000   124.008     1.992     3.158
     0.000   124.008     1.992     3.169
     0.000   124.008     1.992     3.179
     0.000   124.008     1.992     3.189
     0.000   124.008     1.992     3.201
     0.000   124.008     1.992     3.211
     0.000   124.008     1.992     3.224
     0.000   124.008     1.992     3.234
     0.000   124.008     1.992     3.244
     0.000   124.008     1.992     3.255
     0.000   124.008     1.992     3.265
     0.000   124.008     1.992     3.275
     0.000   124.008     1.992     3.286
     0.000   124.008     1.992     3.296
     0.000   124.008     1.992     3.307
     0.000   124.008     1.992     3.317
     0.000   124.008     1.992     3.326
     0.000   124.008     1.992     3.489
     0.000   124.008     1.992     3.500
     0.000   124.008     1.992     3.510
     0.000   124.008     1.992     3.521
     0.000   124.008     1.992     3.530
     0.000   124.008     1.992     3.541
     0.000   124.008     1.992     3.552
     0.000   124.008     1.992     3.562
     0.000   124.008     1.992     3.573
     0.000   124.008     1.992     3.584
     0.000   124.008     1.992     3.594
     0.000   124.008     1.992     3.604
     0.000   124.008     1.992     3.615
     0.000   124.008     1.992     3.625
     0.000   124.008     1.992     3.636
     0.000   124.008     1.992     3.646
     0.000   124.008     1.992     3.657
     0.000   124.008     1.992     3.668
     0.000   124.008     1.992     3.678
     0.000   124.008     1.992     3.687
     0.000   124.008     1.992     3.697
     0.000   124.008     1.992     3.708
     0.000   124.008     1.992     3.717
     0.000   124.008     1.992     3.728
     0.000   124.008     1.992     3.739
     0.000   124.008     1.992     3.751
     0.000   124.008     1.992     3.761
     0.000   124.008     1.992     3.771
     0.000   124.008     1.992     3.783
     0.000   124.008     1.992     3.794
     0.000   124.008     1.992     3.805
     0.000   124.008     1.992     3.815
     0.000   124.008     1.992     3.826
     0.000   124.008     1.992     3.837
     0.000   124.008     1.992     3.847
     0.000   124.008     1.992     3.861
     0.000   124.008     1.992     3.875
     0.000   124.008     1.992     3.886
     0.000   124.008     1.992     3.896
     0.000   124.008     1.992     3.907
     0.000   124.008     1.992     3.918
     0.000   124.008     1.992     3.927
     0.000   124.008     1.992     3.938
     0.000   124.008     1.992     3.947
     0.000   124.008     1.992     3.957
     0.000   124.008     1.992     3.969
     0.000   124.008     1.992     3.985
     0.000   124.008     1.992     4.000
     0.000   124.008     1.992     4.014
     0.000   124.008     1.992     4.028
     0.000   124.008     1.992     4.040
     0.000   124.008     1.992     4.050
     0.000   124.008     1.992     4.064
     0.000   124.008     1.992     4.078
     0.000   124.008     1.992     4.090
     0.000   124.008     1.992     4.099
     0.000   124.008     1.992     4.109
     0.000   124.008     1.992     4.120
     0.000   124.008     1.992     4.132
     0.000   124.008     1.992     4.142
     0.000   124.008     1.992     4.153
     0.000   124.008     1.992     4.164
     0.000   124.008     1.992     4.176
     0.000   124.008     1.992     4.188
     0.000   124.008     1.992     4.198
     0.000   124.008     1.992     4.208
     0.000   124.008     1.992     4.217
     0.000   124.008     1.992     4.227
     0.000   124.008     1.992     4.239
     0.000   124.008     1.992     4.249
     0.000   124.008     1.992     4.258
     0.000   124.008     1.992     4.268
     0.000   124.008     1.992     4.278
     0.000   124.008     1.992     4.290
     0.000   124.008     1.992     4.299
     0.000   124.008     1.992     4.309
     0.000   124.008     1.992     4.318
     0.000   124.008     1.992     4.327
     0.000   124.008     1.992     4.337
     0.000   124.008     1.992     4.346
     0.000   124.008     1.992     4.355
     0.000   124.008     1.992     4.365
     0.000   124.008     1.992     4.374
     0.000   124.008     1.992     4.383
     0.000   124.008     1.992     4.392
     0.000   124.008     1.992     4.401
     0.000   124.008     1.992     4.411
     0.000   124.008     1.992     4.420
     0.000   124.008     1.992     4.429
     0.000   124.008     1.992     4.438
     0.000   124.008     1.992     4.448
     0.000   124.008     1.992     4.457
     0.000   124.008     1.992     4.467
     0.000   124.008     1.992     4.476
     0.000   124.008     1.992     4.500
     0.000   124.008     1.992     4.514
     0.000   124.008     1.992     4.523
     0.000   124.008     1.992     4.532
     0.000   124.008     1.992     4.542
     0.000   124.008     1.992     4.551
     0.000   124.008     1.992     4.574
     0.000   124.008     1.992     4.585
     0.000   124.008     1.992     4.594
     0.000   124.008     1.992     4.606
     0.000   124.008     1.992     4.617
     0.000   124.008     1.992     4.628
     0.000   124.008     1.992     4.638
     0.000   124.008     1.992     4.650
     0.000   124.008     1.992     4.662
     0.000   124.008     1.992     4.673
     0.000   124.008     1.992     4.683
     0.000   124.008     1.992     4.692
     0.000   124.008     1.992     4.703
     0.000   124.008     1.992     4.712
     0.000   124.008     1.992     4.722
     0.000   124.008     1.992     4.732
     0.000   124.008     1.992     4.743
     0.000   124.008     1.992     4.753
     0.000   124.008     1.992     4.762
     0.000   124.008     1.992     4.771
     0.000   124.008     1.992     4.780
     0.000   124.008     1.992     4.790
     0.000   124.008     1.992     4.799
     0.000   124.008     1.992     4.808
     0.000   124.008     1.992     4.817
     0.000   124.008     1.992     4.827
     0.000   124.008     1.992     4.836
     0.000   124.008     1.992     4.848
     0.000   124.008     1.992     4.857
     0.000   124.008     1.992     4.868
     0.000   124.008     1.992     4.877
     0.000   124.008     1.992     4.888
     0.000   124.008     1.992     4.899
     0.000   124.008     1.992     4.909
     0.000   124.008     1.992     4.918
     0.000   124.008     1.992     4.928
     0.000   124.008     1.992     4.938
     0.000   124.008     1.992     4.947
     0.000   124.008     1.992     4.957
     0.000   124.008     1.992     4.966
     0.000   124.008     1.992     4.976
     0.000   124.008     1.992     4.986
     0.000   124.008     1.992     4.998
     0.000   124.008     1.992     5.007
     0.000   124.008     1.992     5.016
     0.000   124.008     1.992     5.026
     0.000   124.008     1.992     5.035
     0.000   124.008     1.992     5.044
     0.000   124.008     1.992     5.053
     0.000   124.008     1.992     5.063
     0.000   124.008     1.992     5.072
     0.000   124.008     1.992     5.081
     0.000   124.008     1.992     5.091
     0.000   124.008     1.992     5.100
     0.000   124.008     1.992     5.109
     0.000   124.008     1.992     5.119
     0.000   124.008     1.992     5.128
     0.000   124.008     1.992     5.138
     0.000   124.008     1.992     5.147
     0.000   124.008     1.992     5.156
     0.000   124.008     1.992     5.165
     0.000   124.008     1.992     5.175
     0.000   124.008     1.992     5.184
     0.000   124.008     1.992     5.193
     0.000   124.008     1.992     5.203
     0.000   124.008     1.992     5.212
     0.000   124.008     1.992     5.222
     0.000   124.008     1.992     5.231
     0.000   124.008     1.992     5.240
     0.000   124.008     1.992     5.250
     0.000   124.008     1.992     5.259
     0.000   124.008     1.992     5.270
     0.000   124.008     1.992     5.280
     0.000   124.008     1.992     5.290
     0.000   124.008     1.992     5.302
     0.000   124.008     1.992     5.312
     0.000   124.008     1.992     5.322
     0.000   124.008     1.992     5.333
     0.000   124.008     1.992     5.342
     0.000   124.008     1.992     5.352
     0.000   124.008     1.992     5.364
     0.000   124.008     1.992     5.373
     0.000   124.008     1.992     5.383
     0.000   124.008     1.992     5.393
     0.000   124.008     1.992     5.402
     0.000   124.008     1.992     5.412
     0.000   124.008     1.992     5.425
     0.000   124.008     1.992     5.437
     0.000   124.008     1.992     5.449
     0.000   124.008     1.992     5.460
     0.000   124.008     1.992     5.472
     0.000   124.008     1.992     5.484
     0.000   124.008     1.992     5.496
     0.000   124.008     1.992     5.512
     0.000   124.008     1.992     5.524
     0.000   124.008     1.992     5.536
     0.000   124.008     1.992     5.545
     0.000   124.008     1.992     5.557
     0.000   124.008     1.992     5.566
     0.000   124.008     1.992     5.578
     0.000   124.008     1.992     5.598
