     1.000   125.000     0.000     0.000
     0.956   124.995     0.049     0.049
     0.913   124.990     0.097     0.064
     0.872   124.986     0.142     0.076
     0.834   124.982     0.185     0.088
     0.796   124.977     0.226     0.098
     0.761   124.973     0.265     0.109
     0.727   124.970     0.303     0.119
     0.695   124.966     0.339     0.129
     0.664   124.963     0.373     0.139
     0.634   124.959     0.406     0.148
     0.606   124.956     0.438     0.158
     0.579   124.953     0.468     0.168
     0.553   124.950     0.496     0.180
     0.529   124.948     0.524     0.190
     0.505   124.945     0.550     0.202
     0.483   124.943     0.575     0.213
     0.461   124.940     0.598     0.223
     0.441   124.938     0.621     0.233
     0.421   124.936     0.643     0.243
     0.402   124.934     0.664     0.253
     0.385   124.932     0.684     0.264
     0.367   124.930     0.703     0.274
     0.351   124.928     0.721     0.283
     0.335   124.926     0.738     0.292
     0.321   124.925     0.755     0.302
     0.306   124.923     0.771     0.312
     0.293   124.921     0.786     0.322
     0.280   124.920     0.800     0.334
     0.267   124.919     0.814     0.344
     0.255   124.917     0.827     0.355
     0.244   124.916     0.840     0.365
     0.233   124.915     0.852     0.375
     0.223   124.914     0.864     0.385
     0.213   124.913     0.875     0.396
     0.203   124.912     0.885     0.406
     0.194   124.911     0.895     0.416
     0.186   124.910     0.905     0.428
     0.177   124.909     0.914     0.438
     0.170   124.908     0.923     0.448
     0.162   124.907     0.931     0.460
     0.155   124.906     0.939     0.470
     0.148   124.905     0.947     0.482
     0.141   124.905     0.954     0.493
     0.135   124.904     0.961     0.502
     0.129   124.903     0.968     0.511
     0.123   124.903     0.974     0.521
     0.118   124.902     0.980     0.531
     0.113   124.901     0.986     0.541
     0.108   124.901     0.992     0.551
     0.103   124.900     0.997     0.561
     0.098   124.900     1.002     0.572
     0.094   124.899     1.007     0.583
     0.090   124.899     1.011     0.593
     0.086   124.898     1.016     0.605
     0.082   124.898     1.020     0.616
     0.078   124.898     1.024     0.626
     0.075   124.897     1.028     0.636
     0.071   124.897     1.032     0.645
     0.068   124.896     1.035     0.654
     0.065   124.896     1.039     0.665
     0.062   124.896     1.042     0.675
     0.060   124.896     1.045     0.685
     0.057   124.895     1.048     0.695
     0.054   124.895     1.051     0.704
     0.052   124.895     1.053     0.714
     0.050   124.894     1.056     0.725
     0.047   124.894     1.058     0.735
     0.045   124.894     1.061     0.745
     0.043   124.894     1.063     0.755
     0.041   124.894     1.065     0.766
     0.040   124.893     1.067     0.776
     0.038   124.893     1.069     0.787
     0.036   124.893     1.071     0.797
     0.034   124.893     1.073     0.808
     0.033   124.893     1.074     0.820
     0.031   124.892     1.076     0.830
     0.030   124.892     1.078     0.840
     0.029   124.892     1.079     0.851
     0.027   124.892     1.081     0.861
     0.026   124.892     1.082     0.871
     0.025   124.892     1.083     0.881
     0.024   124.892     1.084     0.891
     0.023   124.891     1.086     0.901
     0.022   124.891     1.087     0.910
     0.021   124.891     1.088     0.919
     0.020   124.891     1.089     0.929
     0.019   124.891     1.090     0.941
     0.018   124.891     1.091     0.950
     0.017   124.891     1.092     0.961
     0.017   124.891     1.093     0.972
     0.016   124.891     1.093     0.982
     0.015   124.891     1.094     0.992
     0.015   124.891     1.095     1.002
     0.014   124.890     1.096     1.012
     0.013   124.890     1.096     1.022
     0.013   124.890     1.097     1.032
     0.012   124.890     1.098     1.044
     0.012   124.890     1.098     1.054
     0.011   124.890     1.099     1.065
     0.011   124.890     1.099     1.086
     0.010   124.890     1.100     1.097
     0.010   124.890     1.100     1.107
     0.009   124.890     1.101     1.116
     0.009   124.890     1.101     1.126
     0.008   124.890     1.102     1.135
     0.008   124.890     1.102     1.144
     0.008   124.890     1.103     1.154
     0.007   124.890     1.103     1.164
     0.007   124.890     1.103     1.174
     0.007   124.890     1.104     1.184
     0.006   124.890     1.104     1.195
     0.006   124.890     1.104     1.205
     0.006   124.890     1.105     1.214
     0.006   124.890     1.105     1.225
     0.005   124.890     1.105     1.235
     0.005   124.889     1.105     1.246
     0.005   124.889     1.106     1.256
     0.005   124.889     1.106     1.265
     0.004   124.889     1.106     1.274
     0.004   124.889     1.106     1.285
     0.004   124.889     1.107     1.297
     0.004   124.889     1.107     1.307
     0.004   124.889     1.107     1.317
     0.004   124.889     1.107     1.327
     0.003   124.889     1.107     1.337
     0.003   124.889     1.107     1.348
     0.003   124.889     1.108     1.358
     0.003   124.889     1.108     1.370
     0.003   124.889     1.108     1.380
     0.003   124.889     1.108     1.390
     0.003   124.889     1.108     1.401
     0.002   124.889     1.108     1.411
     0.002   124.889     1.108     1.538
     0.002   124.889     1.109     1.548
     0.002   124.889     1.109     1.558
     0.002   124.889     1.109     1.569
     0.002   124.889     1.109     1.581
     0.002   124.889     1.109     1.593
     0.002   124.889     1.109     1.602
     0.002   124.889     1.109     1.612
     0.002   124.889     1.109     1.622
     0.002   124.889     1.109     1.632
     0.001   124.889     1.109     1.643
     0.001   124.889     1.109     1.655
     0.001   124.889     1.110     1.665
     0.001   124.889     1.110     1.676
     0.001   124.889     1.110     1.686
     0.001   124.889     1.110     1.698
     0.001   124.889     1.110     1.708
     0.001   124.889     1.110     1.720
     0.001   124.889     1.110     1.730
     0.001   124.889     1.110     1.742
     0.001   124.889     1.110     1.752
     0.001   124.889     1.110     1.763
     0.001   124.889     1.110     1.773
     0.001   124.889     1.110     1.785
     0.001   124.889     1.110     1.795
     0.001   124.889     1.110     1.807
     0.001   124.889     1.110     1.817
     0.001   124.889     1.110     1.828
     0.001   124.889     1.110     1.838
     0.001   124.889     1.110     1.850
     0.001   124.889     1.110     1.860
     0.001   124.889     1.110     1.870
     0.001   124.889     1.110     1.880
     0.001   124.889     1.110     1.893
     0.001   124.889     1.111     1.903
     0.000   124.889     1.111     1.915
     0.000   124.889     1.111     1.925
     0.000   124.889     1.111     1.937
     0.000   124.889     1.111     1.947
     0.000   124.889     1.111     1.959
     0.000   124.889     1.111     1.970
     0.000   124.889     1.111     1.980
     0.000   124.889     1.111     1.990
     0.000   124.889     1.111     2.002
     0.000   124.889     1.111     2.013
     0.000   124.889     1.111     2.025
     0.000   124.889     1.111     2.035
     0.000   124.889     1.111     2.047
     0.000   124.889     1.111     2.057
     0.000   124.889     1.111     2.068
     0.000   124.889     1.111     2.078
     0.000   124.889     1.111     2.090
     0.000   124.889     1.111     2.100
     0.000   124.889     1.111     2.109
     0.000   124.889     1.111     2.119
     0.000   124.889     1.111     2.130
     0.000   124.889     1.111     2.140
     0.000   124.889     1.111     2.152
     0.000   124.889     1.111     2.162
     0.000   124.889     1.111     2.172
     0.000   124.889     1.111     2.183
     0.000   124.889     1.111     2.193
     0.000   124.889     1.111     2.204
     0.000   124.889     1.111     2.214
     0.000   124.889     1.111     2.225
     0.000   124.889     1.111     2.235
     0.000   124.889     1.111     2.247
     0.000   124.889     1.111     2.268
     0.000   124.889     1.111     2.279
     0.000   124.889     1.111     2.288
     0.000   124.889     1.111     2.299
     0.000   124.889     1.111     2.309
     0.000   124.889     1.111     2.318
     0.000   124.889     1.111     2.329
     0.000   124.889     1.111     2.339
     0.000   124.889     1.111     2.348
     0.000   124.889     1.111     2.360
     0.000   124.889     1.111     2.370
     0.000   124.889     1.111     2.381
     0.000   124.889     1.111     2.390
     0.000   124.889     1.111     2.402
     0.000   124.889     1.111     2.412
     0.000   124.889     1.111     2.424
     0.000   124.889     1.111     2.435
     0.000   124.889     1.111     2.445
     0.000   124.889     1.111     2.455
     0.000   124.889     1.111     2.467
     0.000   124.889     1.111     2.477
     0.000   124.889     1.111     2.489
     0.000   124.889     1.111     2.499
     0.000   124.889     1.111     2.509
     0.000   124.889     1.111     2.519
     0.000   124.889     1.111     2.531
     0.000   124.889     1.111     2.542
     0.000   124.889     1.111     2.554
     0.000   124.889     1.111     2.564
     0.000   124.889     1.111     2.574
     0.000   124.889     1.111     2.584
     0.000   124.889     1.111     2.593
     0.000   124.889     1.111     2.605
     0.000   124.889     1.111     2.617
     0.000   124.889     1.111     2.627
     0.000   124.889     1.111     2.640
     0.000   124.889     1.111     2.652
     0.000   124.889     1.111     2.664
     0.000   124.889     1.111     2.681
     0.000   124.889     1.111     2.697
     0.000   124.889     1.111     2.713
     0.000   124.889     1.111     2.730
     0.000   124.889     1.111     2.745
     0.000   124.889     1.111     2.761
     0.000   124.889     1.111     2.777
     0.000   124.889     1.111     2.792
     0.000   124.889     1.111     2.811
     0.000   124.889     1.111     2.827
     0.000   124.889     1.111     2.842
     0.000   124.889     1.111     2.859
     0.000   124.889     1.111     2.880
     0.000   124.889     1.111     2.896
     0.000   124.889     1.111     2.914
     0.000   124.889     1.111     2.930
     0.000   124.889     1.111     2.941
     0.000   124.889     1.111     2.953
     0.000   124.889     1.111     2.963
     0.000   124.889     1.111     2.975
     0.000   124.889     1.111     2.986
     0.000   124.889     1.111     2.998
     0.000   124.889     1.111     3.009
     0.000   124.889     1.111     3.019
     0.000   124.889     1.111     3.029
     0.000   124.889     1.111     3.039
     0.000   124.889     1.111     3.049
     0.000   124.889     1.111     3.059
     0.000   124.889     1.111     3.069
     0.000   124.889     1.111     3.079
     0.000   124.889     1.111     3.091
     0.000   124.889     1.111     3.100
     0.000   124.889     1.111     3.112
     0.000   124.889     1.111     3.122
     0.000   124.889     1.111     3.133
     0.000   124.889     1.111     3.143
     0.000   124.889     1.111     3.153
     0.000   124.889     1.111     3.164
     0.000   124.889     1.111     3.174
     0.000   124.889     1.111     3.184
     0.000   124.889     1.111     3.196
     0.000   124.889     1.111     3.206
     0.000   124.889     1.111     3.218
     0.000   124.889     1.111     3.228
     0.000   124.889     1.111     3.240
     0.000   124.889     1.111     3.250
     0.000   124.889     1.111     3.262
     0.000   124.889     1.111     3.273
     0.000   124.889     1.111     3.284
     0.000   124.889     1.111     3.293
     0.000   124.889     1.111     3.305
     0.000   124.889     1.111     3.317
     0.000   124.889     1.111     3.327
     0.000   124.889     1.111     3.336
     0.000   124.889     1.111     3.348
     0.000   124.889     1.111     3.358
     0.000   124.889     1.111     3.371
     0.000   124.889     1.111     3.380
     0.000   124.889     1.111     3.392
     0.000   124.889     1.111     3.404
     0.000   124.889     1.111     3.414
     0.000   124.889     1.111     3.424
     0.000   124.889     1.111     3.459
     0.000   124.889     1.111     3.470
     0.000   124.889     1.111     3.480
     0.000   124.889     1.111     3.490
     0.000   124.889     1.111     3.499
     0.000   124.889     1.111     3.510
     0.000   124.889     1.111     3.522
     0.000   124.889     1.111     3.534
     0.000   124.889     1.111     3.544
     0.000   124.889     1.111     3.554
     0.000   124.889     1.111     3.566
     0.000   124.889     1.111     3.579
     0.000   124.889     1.111     3.617
     0.000   124.889     1.111     3.630
     0.000   124.889     1.111     3.642
     0.000   124.889     1.111     3.652
     0.000   124.889     1.111     3.662
     0.000   124.889     1.111     3.673
     0.000   124.889     1.111     3.683
     0.000   124.889     1.111     3.693
     0.000   124.889     1.111     3.705
     0.000   124.889     1.111     3.716
     0.000   124.889     1.111     3.727
     0.000   124.889     1.111     3.737
     0.000   124.889     1.111     3.749
     0.000   124.889     1.111     3.759
     0.000   124.889     1.111     3.771
     0.000   124.889     1.111     3.781
     0.000   124.889     1.111     3.793
     0.000   124.889     1.111     3.804
     0.000   124.889     1.111     3.815
     0.000   124.889     1.111     3.825
     0.000   124.889     1.111     3.837
     0.000   124.889     1.111     3.847
     0.000   124.889     1.111     3.859
     0.000   124.889     1.111     3.870
     0.000   124.889     1.111     3.879
     0.000   124.889     1.111     3.889
     0.000   124.889     1.111     3.900
     0.000   124.889     1.111     3.910
     0.000   124.889     1.111     3.920
     0.000   124.889     1.111     3.932
     0.000   124.889     1.111     3.942
     0.000   124.889     1.111     3.954
     0.000   124.889     1.111     3.964
     0.000   124.889     1.111     3.976
     0.000   124.889     1.111     3.986
     0.000   124.889     1.111     3.998
     0.000   124.889     1.111     4.008
     0.000   124.889     1.111     4.020
     0.000   124.889     1.111     4.030
     0.000   124.889     1.111     4.041
     0.000   124.889     1.111     4.051
     0.000   124.889     1.111     4.063
     0.000   124.889     1.111     4.073
     0.000   124.889     1.111     4.085
     0.000   124.889     1.111     4.095
     0.000   124.889     1.111     4.107
     0.000   124.889     1.111     4.117
     0.000   124.889     1.111     4.127
     0.000   124.889     1.111     4.137
     0.000   124.889     1.111     4.149
     0.000   124.889     1.111     4.159
     0.000   124.889     1.111     4.170
     0.000   124.889     1.111     4.182
     0.000   124.889     1.111     4.191
     0.000   124.889     1.111     4.201
     0.000   124.889     1.111     4.211
     0.000   124.889     1.111     4.221
     0.000   124.889     1.111     4.233
     0.000   124.889     1.111     4.243
     0.000   124.889     1.111     4.255
     0.000   124.889     1.111     4.265
     0.000   124.889     1.111     4.277
     0.000   124.889     1.111     4.288
     0.000   124.889     1.111     4.300
     0.000   124.889     1.111     4.311
     0.000   124.889     1.111     4.321
     0.000   124.889     1.111     4.331
     0.000   124.889     1.111     4.343
     0.000   124.889     1.111     4.355
     0.000   124.889     1.111     4.364
     0.000   124.889     1.111     4.375
     0.000   124.889     1.111     4.387
     0.000   124.889     1.111     4.397
     0.000   124.889     1.111     4.409
     0.000   124.889     1.111     4.418
     0.000   124.889     1.111     4.430
     0.000   124.889     1.111     4.441
     0.000   124.889     1.111     4.452
     0.000   124.889     1.111     4.461
     0.000   124.889     1.111     4.471
     0.000   124.889     1.111     4.487
     0.000   124.889     1.111     4.499
     0.000   124.889     1.111     4.508
     0.000   124.889     1.111     4.518
     0.000   124.889     1.111     4.529
     0.000   124.889     1.111     4.542
     0.000   124.889     1.111     4.556
     0.000   124.889     1.111     4.568
     0.000   124.889     1.111     4.595
     0.000   124.889     1.111     4.606
     0.000   124.889     1.111     4.619
     0.000   124.889     1.111     4.635
     0.000   124.889     1.111     4.648
     0.000   124.889     1.111     4.663
     0.000   124.889     1.111     4.678
     0.000   124.889     1.111     4.693
     0.000   124.889     1.111     4.707
     0.000   124.889     1.111     4.725
     0.000   124.889     1.111     4.741
     0.000   124.889     1.111     4.756
     0.000   124.889     1.111     4.772
     0.000   124.889     1.111     4.787
     0.000   124.889     1.111     4.802
     0.000   124.889     1.111     4.818
     0.000   124.889     1.111     4.833
     0.000   124.889     1.111     4.848
     0.000   124.889     1.111     4.863
     0.000   124.889     1.111     4.879
     0.000   124.889     1.111     4.893
     0.000   124.889     1.111     4.908
     0.000   124.889     1.111     4.925
     0.000   124.889     1.111     4.940
     0.000   124.889     1.111     4.956
     0.000   124.889     1.111     4.971
     0.000   124.889     1.111     4.987
     0.000   124.889     1.111     5.003
     0.000   124.889     1.111     5.018
     0.000   124.889     1.111     5.034
     0.000   124.889     1.111     5.049
     0.000   124.889     1.111     5.064
     0.000   124.889     1.111     5.080
     0.000   124.889     1.111     5.095
     0.000   124.889     1.111     5.108
     0.000   124.889     1.111     5.123
     0.000   124.889     1.111     5.135
     0.000   124.889     1.111     5.147
     0.000   124.889     1.111     5.157
     0.000   124.889     1.111     5.168
     0.000   124.889     1.111     5.178
     0.000   124.889     1.111     5.190
     0.000   124.889     1.111     5.202
     0.000   124.889     1.111     5.214
     0.000   124.889     1.111     5.226
     0.000   124.889     1.111     5.236
     0.000   124.889     1.111     5.247
     0.000   124.889     1.111     5.259
     0.000   124.889     1.111     5.269
     0.000   124.889     1.111     5.280
     0.000   124.889     1.111     5.290
     0.000   124.889     1.111     5.302
     0.000   124.889     1.111     5.314
     0.000   124.889     1.111     5.326
     0.000   124.889     1.111     5.338
     0.000   124.889     1.111     5.349
     0.000   124.889     1.111     5.360
     0.000   124.889     1.111     5.372
     0.000   124.889     1.111     5.384
     0.000   124.889     1.111     5.396
     0.000   124.889     1.111     5.406
     0.000   124.889     1.111     5.418
     0.000   124.889     1.111     5.428
     0.000   124.889     1.111     5.440
     0.000   124.889     1.111     5.452
     0.000   124.889     1.111     5.465
     0.000   124.889     1.111     5.475
     0.000   124.889     1.111     5.487
     0.000   124.889     1.111     5.499
     0.000   124.889     1.111     5.512
     0.000   124.889     1.111     5.522
     0.000   124.889     1.111     5.533
     0.000   124.889     1.111     5.545
     0.000   124.889     1.111     5.559
     0.000   124.889     1.111     5.569
     0.000   124.889     1.111     5.581
     0.000   124.889     1.111     5.592
     0.000   124.889     1.111     5.604
     0.000   124.889     1.111     5.616
     0.000   124.889     1.111     5.628
     0.000   124.889     1.111     5.640
     0.000   124.889     1.111     5.652
     0.000   124.889     1.111     5.662
     0.000   124.889     1.111     5.672
     0.000   124.889     1.111     5.683
     0.000   124.889     1.111     5.696
     0.000   124.889     1.111     5.709
     0.000   124.889     1.111     5.721
     0.000   124.889     1.111     5.731
     0.000   124.889     1.111     5.746
     0.000   124.889     1.111     5.758
     0.000   124.889     1.111     5.770
     0.000   124.889     1.111     5.783
     0.000   124.889     1.111     5.794
     0.000   124.889     1.111     5.806
     0.000   124.889     1.111     5.819
     0.000   124.889     1.111     5.831
     0.000   124.889     1.111     5.842
     0.000   124.889     1.111     5.854
     0.000   124.889     1.111     5.867
     0.000   124.889     1.111     5.894
