     1.000   999.000     0.000     0.000
     1.382   998.563     0.055     0.049
     1.909   997.960     0.130     0.063
     2.638   997.128     0.234     0.075
     3.643   995.979     0.379     0.088
     5.028   994.394     0.577     0.099
     6.937   992.211     0.852     0.110
     9.562   989.207     1.231     0.121
    13.166   985.081     1.753     0.133
    18.100   979.429     2.471     0.145
    24.830   971.712     3.458     0.158
    33.964   961.226     4.811     0.168
    46.276   947.066     6.659     0.180
    62.716   928.111     9.173     0.192
    84.394   903.031    12.575     0.204
   112.503   870.357    17.139     0.216
   148.149   828.647    23.204     0.228
   192.067   776.778    31.156     0.240
   244.218   714.372    41.410     0.252
   303.373   642.263    54.364     0.265
   366.846   562.815    70.338     0.277
   430.649   479.852    89.499     0.288
   490.154   398.043   111.803     0.300
   541.128   321.893   136.980     0.312
   580.677   254.760   164.563     0.325
   607.697   198.339   193.965     0.337
   622.698   152.741   224.561     0.348
   627.260   116.969   255.771     0.361
   623.423    89.478   287.098     0.373
   613.228    68.623   318.149     0.385
   598.467    52.904   348.629     0.397
   580.595    41.077   378.328     0.409
   560.731    32.162   407.107     0.421
   539.711    25.413   434.877     0.433
   518.141    20.272   461.588     0.445
   496.454    16.328   487.218     0.455
   474.956    13.279   511.766     0.466
   453.855    10.902   535.243     0.477
   433.294     9.034   557.673     0.488
   413.366     7.553   579.082     0.499
   394.128     6.370   599.503     0.510
   375.612     5.416   618.972     0.521
   357.834     4.642   637.524     0.532
   340.794     4.009   655.197     0.542
   324.485     3.488   672.027     0.553
   308.894     3.055   688.051     0.564
   294.002     2.694   703.305     0.575
   279.788     2.390   717.822     0.586
   266.229     2.133   731.637     0.597
   253.302     1.915   744.783     0.610
   240.982     1.728   757.290     0.627
   229.245     1.568   769.188     0.638
   218.065     1.429   780.507     0.649
   207.419     1.309   791.273     0.658
   197.283     1.204   801.514     0.669
   187.635     1.112   811.254     0.681
   178.452     1.031   820.518     0.693
   169.713     0.959   829.328     0.705
   161.397     0.896   837.707     0.717
   153.485     0.840   845.675     0.729
   145.958     0.790   853.253     0.741
   138.797     0.745   860.458     0.753
   131.985     0.705   867.311     0.765
   125.505     0.669   873.827     0.777
   119.342     0.636   880.023     0.789
   113.480     0.606   885.915     0.801
   107.904     0.579   891.517     0.813
   102.602     0.555   896.844     0.825
    97.559     0.533   901.909     0.837
    92.763     0.512   906.726     0.849
    88.202     0.494   911.305     0.861
    83.865     0.477   915.659     0.873
    79.740     0.461   919.800     0.885
    75.818     0.447   923.736     0.897
    72.088     0.433   927.479     0.909
    68.542     0.421   931.038     0.920
    65.169     0.410   934.422     0.932
    61.962     0.399   937.639     0.944
    58.913     0.390   940.698     0.956
    56.014     0.381   943.606     0.968
    53.257     0.372   946.372     0.994
    50.636     0.364   949.001     1.004
    48.143     0.357   951.501     1.014
    45.773     0.350   953.877     1.026
    43.520     0.344   956.137     1.037
    41.377     0.338   958.285     1.048
    39.340     0.333   960.328     1.058
    37.403     0.328   962.270     1.069
    35.561     0.323   964.117     1.080
    33.810     0.318   965.872     1.091
    32.145     0.314   967.541     1.102
    30.562     0.310   969.128     1.113
    29.057     0.306   970.637     1.123
    27.626     0.303   972.071     1.134
    26.266     0.299   973.435     1.144
    24.972     0.296   974.732     1.155
    23.742     0.293   975.965     1.166
    22.573     0.291   977.137     1.177
    21.461     0.288   978.251     1.187
    20.404     0.286   979.311     1.198
    19.399     0.283   980.318     1.221
    18.444     0.281   981.276     1.233
    17.535     0.279   982.186     1.244
    16.672     0.277   983.052     1.255
    15.850     0.275   983.875     1.266
    15.070     0.274   984.657     1.277
    14.327     0.272   985.401     1.288
    13.622     0.271   986.109     1.299
    12.951     0.269   986.781     1.309
    12.313     0.268   987.420     1.320
    11.706     0.266   988.028     1.331
    11.129     0.265   988.606     1.342
    10.581     0.264   989.156     1.353
    10.060     0.263   989.678     1.364
     9.564     0.262   990.175     1.375
     9.093     0.261   990.647     1.385
     8.645     0.260   991.096     1.396
     8.219     0.259   991.523     1.406
     7.814     0.258   991.928     1.417
     7.429     0.257   992.314     1.426
     7.063     0.257   992.681     1.435
     6.715     0.256   993.030     1.445
     6.385     0.255   993.361     1.456
     6.070     0.255   993.676     1.467
     5.771     0.254   993.976     1.477
     5.487     0.253   994.261     1.488
     5.216     0.253   994.532     1.498
     4.959     0.252   994.789     1.508
     4.715     0.252   995.034     1.520
     4.483     0.251   995.267     1.532
     4.262     0.251   995.488     1.544
     4.052     0.251   995.699     1.554
     3.852     0.250   995.899     1.567
     3.662     0.250   996.089     1.578
     3.482     0.249   996.270     1.587
     3.310     0.249   996.442     1.599
     3.147     0.249   996.605     1.611
     2.992     0.248   996.760     1.622
     2.845     0.248   996.908     1.634
     2.705     0.248   997.048     1.646
     2.571     0.248   997.182     1.659
     2.445     0.247   997.309     1.670
     2.324     0.247   997.430     1.682
     2.210     0.247   997.544     1.694
     2.101     0.247   997.653     1.707
     1.997     0.246   997.757     1.719
     1.899     0.246   997.856     1.731
     1.805     0.246   997.949     1.743
     1.716     0.246   998.039     1.755
     1.632     0.246   998.123     1.768
     1.552     0.246   998.204     1.780
     1.475     0.245   998.281     1.792
     1.402     0.245   998.353     1.802
     1.333     0.245   998.423     1.813
     1.268     0.245   998.489     1.824
     1.205     0.245   998.551     1.835
     1.146     0.245   998.611     1.844
     1.089     0.245   998.667     1.857
     1.036     0.245   998.721     1.869
     0.985     0.244   998.772     1.882
     0.936     0.244   998.821     1.893
     0.890     0.244   998.867     1.905
     0.846     0.244   998.911     1.916
     0.804     0.244   998.953     1.928
     0.765     0.244   998.992     1.940
     0.727     0.244   999.030     1.952
     0.691     0.244   999.066     1.964
     0.657     0.244   999.100     1.976
     0.625     0.244   999.133     1.988
     0.594     0.244   999.163     1.998
     0.565     0.244   999.193     2.009
     0.537     0.244   999.221     2.022
     0.511     0.244   999.247     2.032
     0.485     0.244   999.272     2.044
     0.461     0.243   999.296     2.055
     0.439     0.243   999.319     2.067
     0.417     0.243   999.341     2.078
     0.397     0.243   999.361     2.087
     0.377     0.243   999.381     2.096
     0.358     0.243   999.399     2.107
     0.341     0.243   999.417     2.120
     0.324     0.243   999.434     2.130
     0.308     0.243   999.450     2.143
     0.293     0.243   999.465     2.155
     0.278     0.243   999.479     2.166
     0.265     0.243   999.493     2.177
     0.252     0.243   999.506     2.190
     0.239     0.243   999.519     2.202
     0.227     0.243   999.531     2.213
     0.216     0.243   999.542     2.223
     0.206     0.243   999.552     2.234
     0.195     0.243   999.563     2.246
     0.186     0.243   999.572     2.259
     0.177     0.243   999.581     2.270
     0.168     0.243   999.590     2.282
     0.160     0.243   999.599     2.293
     0.152     0.243   999.606     2.305
     0.144     0.243   999.614     2.318
     0.137     0.243   999.621     2.330
     0.130     0.243   999.628     2.341
     0.124     0.243   999.634     2.360
     0.118     0.243   999.640     2.370
     0.112     0.243   999.646     2.380
     0.107     0.243   999.652     2.390
     0.101     0.243   999.657     2.402
     0.096     0.243   999.662     2.412
     0.092     0.243   999.667     2.424
     0.087     0.243   999.671     2.436
     0.083     0.243   999.675     2.449
     0.079     0.243   999.680     2.461
     0.075     0.243   999.683     2.474
     0.071     0.243   999.687     2.486
     0.068     0.243   999.691     2.499
     0.064     0.243   999.694     2.510
     0.061     0.243   999.697     2.523
     0.058     0.243   999.700     2.535
     0.055     0.243   999.703     2.548
     0.053     0.243   999.706     2.560
     0.050     0.243   999.708     2.571
     0.047     0.243   999.711     2.583
     0.045     0.243   999.713     2.596
     0.043     0.243   999.716     2.608
     0.041     0.243   999.718     2.621
     0.039     0.243   999.720     2.634
     0.037     0.243   999.722     2.643
     0.035     0.243   999.723     2.654
     0.033     0.243   999.725     2.666
     0.032     0.243   999.727     2.679
     0.030     0.243   999.728     2.692
     0.029     0.243   999.730     2.705
     0.027     0.243   999.731     2.717
     0.026     0.243   999.733     2.729
     0.025     0.243   999.734     2.742
     0.023     0.243   999.735     2.754
     0.022     0.243   999.736     2.767
     0.021     0.243   999.737     2.779
     0.020     0.243   999.738     2.792
     0.019     0.243   999.739     2.804
     0.018     0.243   999.740     2.817
     0.017     0.243   999.741     2.829
     0.016     0.243   999.742     2.841
     0.016     0.243   999.743     2.851
     0.015     0.243   999.744     2.863
     0.014     0.243   999.745     2.875
     0.013     0.243   999.745     2.890
     0.013     0.243   999.746     2.906
     0.012     0.243   999.747     2.923
     0.012     0.243   999.747     2.942
     0.011     0.243   999.747     2.960
     0.010     0.243   999.748     2.975
     0.010     0.243   999.748     2.990
     0.009     0.243   999.749     3.006
     0.009     0.243   999.749     3.023
     0.009     0.243   999.750     3.040
     0.008     0.243   999.750     3.057
     0.008     0.243   999.751     3.074
     0.007     0.243   999.751     3.091
     0.007     0.243   999.752     3.108
     0.007     0.243   999.752     3.125
     0.006     0.243   999.752     3.142
     0.006     0.243   999.753     3.162
     0.006     0.243   999.753     3.183
     0.005     0.243   999.753     3.205
     0.005     0.243   999.754     3.224
     0.005     0.243   999.754     3.242
     0.005     0.243   999.754     3.259
     0.004     0.243   999.754     3.277
     0.004     0.243   999.754     3.295
     0.004     0.243   999.755     3.312
     0.004     0.243   999.755     3.333
     0.004     0.243   999.755     3.349
     0.003     0.243   999.755     3.365
     0.003     0.243   999.755     3.385
     0.003     0.243   999.756     3.402
     0.003     0.243   999.756     3.418
     0.003     0.243   999.756     3.435
     0.003     0.243   999.756     3.454
     0.003     0.243   999.756     3.472
     0.002     0.243   999.756     3.488
     0.002     0.243   999.756     3.503
     0.002     0.243   999.756     3.520
     0.002     0.243   999.756     3.538
     0.002     0.243   999.756     3.553
     0.002     0.243   999.756     3.570
     0.002     0.243   999.756     3.586
     0.002     0.243   999.756     3.598
     0.002     0.243   999.756     3.610
     0.002     0.243   999.756     3.622
     0.001     0.243   999.756     3.634
     0.001     0.243   999.756     3.645
     0.001     0.243   999.756     3.656
     0.001     0.243   999.756     3.669
     0.001     0.243   999.756     3.680
     0.001     0.243   999.756     3.692
     0.001     0.243   999.756     3.704
     0.001     0.243   999.756     3.716
     0.001     0.243   999.756     3.728
     0.001     0.243   999.756     3.740
     0.001     0.243   999.756     3.752
     0.001     0.243   999.756     3.764
     0.001     0.243   999.756     3.790
     0.001     0.243   999.756     3.802
     0.001     0.243   999.756     3.818
     0.001     0.243   999.756     3.834
     0.001     0.243   999.756     3.846
     0.001     0.243   999.756     3.858
     0.001     0.243   999.756     3.870
     0.001     0.243   999.756     3.882
     0.001     0.243   999.756     3.901
     0.001     0.243   999.756     3.912
     0.000     0.243   999.756     3.923
     0.000     0.243   999.756     3.934
     0.000     0.243   999.756     3.944
     0.000     0.243   999.756     3.955
     0.000     0.243   999.756     3.966
     0.000     0.243   999.756     3.976
     0.000     0.243   999.756     3.987
     0.000     0.243   999.756     3.997
     0.000     0.243   999.756     4.008
     0.000     0.243   999.756     4.018
     0.000     0.243   999.756     4.029
     0.000     0.243   999.756     4.041
     0.000     0.243   999.756     4.050
     0.000     0.243   999.756     4.061
     0.000     0.243   999.756     4.072
     0.000     0.243   999.756     4.083
     0.000     0.243   999.756     4.094
     0.000     0.243   999.756     4.105
     0.000     0.243   999.756     4.115
     0.000     0.243   999.756     4.126
     0.000     0.243   999.756     4.136
     0.000     0.243   999.756     4.147
     0.000     0.243   999.756     4.157
     0.000     0.243   999.756     4.168
     0.000     0.243   999.756     4.179
     0.000     0.243   999.756     4.189
     0.000     0.243   999.756     4.200
     0.000     0.243   999.756     4.210
     0.000     0.243   999.756     4.221
     0.000     0.243   999.756     4.231
     0.000     0.243   999.756     4.242
     0.000     0.243   999.756     4.253
     0.000     0.243   999.756     4.263
     0.000     0.243   999.756     4.274
     0.000     0.243   999.756     4.285
     0.000     0.243   999.756     4.295
     0.000     0.243   999.756     4.307
     0.000     0.243   999.756     4.317
     0.000     0.243   999.756     4.328
     0.000     0.243   999.756     4.338
     0.000     0.243   999.756     4.349
     0.000     0.243   999.756     4.359
     0.000     0.243   999.756     4.370
     0.000     0.243   999.756     4.381
     0.000     0.243   999.756     4.392
     0.000     0.243   999.756     4.403
     0.000     0.243   999.756     4.413
     0.000     0.243   999.756     4.424
     0.000     0.243   999.756     4.434
     0.000     0.243   999.756     4.445
     0.000     0.243   999.756     4.456
     0.000     0.243   999.756     4.466
     0.000     0.243   999.756     4.477
     0.000     0.243   999.756     4.487
     0.000     0.243   999.756     4.498
     0.000     0.243   999.756     4.507
     0.000     0.243   999.756     4.518
     0.000     0.243   999.756     4.528
     0.000     0.243   999.756     4.541
     0.000     0.243   999.756     4.554
     0.000     0.243   999.756     4.566
     0.000     0.243   999.756     4.578
     0.000     0.243   999.756     4.590
     0.000     0.243   999.756     4.600
     0.000     0.243   999.756     4.612
     0.000     0.243   999.756     4.624
     0.000     0.243   999.756     4.636
     0.000     0.243   999.756     4.648
     0.000     0.243   999.756     4.660
     0.000     0.243   999.756     4.672
     0.000     0.243   999.756     4.684
     0.000     0.243   999.756     4.696
     0.000     0.243   999.756     4.708
     0.000     0.243   999.756     4.720
     0.000     0.243   999.756     4.732
     0.000     0.243   999.756     4.744
     0.000     0.243   999.756     4.756
     0.000     0.243   999.756     4.768
     0.000     0.243   999.756     4.780
     0.000     0.243   999.756     4.790
     0.000     0.243   999.756     4.803
     0.000     0.243   999.756     4.815
     0.000     0.243   999.756     4.826
     0.000     0.243   999.756     4.839
     0.000     0.243   999.756     4.851
     0.000     0.243   999.756     4.863
     0.000     0.243   999.756     4.875
     0.000     0.243   999.756     4.887
     0.000     0.243   999.756     4.900
     0.000     0.243   999.756     4.912
     0.000     0.243   999.756     4.932
     0.000     0.243   999.756     4.945
     0.000     0.243   999.756     4.956
     0.000     0.243   999.756     4.966
     0.000     0.243   999.756     4.977
     0.000     0.243   999.756     4.988
     0.000     0.243   999.756     4.998
     0.000     0.243   999.756     5.009
     0.000     0.243   999.756     5.020
     0.000     0.243   999.756     5.030
     0.000     0.243   999.756     5.041
     0.000     0.243   999.756     5.052
     0.000     0.243   999.756     5.063
     0.000     0.243   999.756     5.072
     0.000     0.243   999.756     5.083
     0.000     0.243   999.756     5.093
     0.000     0.243   999.756     5.104
     0.000     0.243   999.756     5.115
     0.000     0.243   999.756     5.126
     0.000     0.243   999.756     5.136
     0.000     0.243   999.756     5.147
     0.000     0.243   999.756     5.158
     0.000     0.243   999.756     5.168
     0.000     0.243   999.756     5.179
     0.000     0.243   999.756     5.190
     0.000     0.243   999.756     5.200
     0.000     0.243   999.756     5.211
     0.000     0.243   999.756     5.221
     0.000     0.243   999.756     5.231
     0.000     0.243   999.756     5.242
     0.000     0.243   999.756     5.252
     0.000     0.243   999.756     5.262
     0.000     0.243   999.756     5.273
     0.000     0.243   999.756     5.284
     0.000     0.243   999.756     5.295
     0.000     0.243   999.756     5.304
     0.000     0.243   999.756     5.315
     0.000     0.243   999.756     5.326
     0.000     0.243   999.756     5.337
     0.000     0.243   999.756     5.348
     0.000     0.243   999.756     5.359
     0.000     0.243   999.756     5.375
     0.000     0.243   999.756     5.386
     0.000     0.243   999.756     5.397
     0.000     0.243   999.756     5.406
     0.000     0.243   999.756     5.418
     0.000     0.243   999.756     5.431
     0.000     0.243   999.756     5.442
     0.000     0.243   999.756     5.452
     0.000     0.243   999.756     5.461
     0.000     0.243   999.756     5.472
     0.000     0.243   999.756     5.483
     0.000     0.243   999.756     5.494
     0.000     0.243   999.756     5.505
     0.000     0.243   999.756     5.515
     0.000     0.243   999.756     5.526
     0.000     0.243   999.756     5.536
     0.000     0.243   999.756     5.546
     0.000     0.243   999.756     5.556
     0.000     0.243   999.756     5.566
     0.000     0.243   999.756     5.577
     0.000     0.243   999.756     5.587
     0.000     0.243   999.756     5.597
     0.000     0.243   999.756     5.609
     0.000     0.243   999.756     5.619
     0.000     0.243   999.756     5.630
     0.000     0.243   999.756     5.641
     0.000     0.243   999.756     5.651
     0.000     0.243   999.756     5.663
     0.000     0.243   999.756     5.674
     0.000     0.243   999.756     5.683
     0.000     0.243   999.756     5.695
     0.000     0.243   999.756     5.706
     0.000     0.243   999.756     5.715
     0.000     0.243   999.756     5.728
     0.000     0.243   999.756     5.738
     0.000     0.243   999.756     5.748
     0.000     0.243   999.756     5.761
     0.000     0.243   999.756     5.771
     0.000     0.243   999.756     5.784
     0.000     0.243   999.756     5.796
     0.000     0.243   999.756     5.808
     0.000     0.243   999.756     5.820
     0.000     0.243   999.756     5.832
     0.000     0.243   999.756     5.844
     0.000     0.243   999.756     5.856
     0.000     0.243   999.756     5.868
     0.000     0.243   999.756     5.880
     0.000     0.243   999.756     5.892
     0.000     0.243   999.756     5.904
     0.000     0.243   999.756     5.916
     0.000     0.243   999.756     5.929
     0.000     0.243   999.756     5.941
     0.000     0.243   999.756     5.953
     0.000     0.243   999.756     5.965
     0.000     0.243   999.756     5.977
     0.000     0.243   999.756     5.989
     0.000     0.243   999.756     6.001
     0.000     0.243   999.756     6.013
     0.000     0.243   999.756     6.025
     0.000     0.243   999.756     6.051
