     1.000   125.000    62.500     0.000
     1.000   124.950    62.550     0.055
     1.000   124.900    62.600     0.071
     1.000   124.850    62.650     0.085
     1.000   124.800    62.700     0.099
     1.000   124.750    62.750     0.110
     1.000   124.700    62.800     0.122
     1.000   124.650    62.850     0.135
     0.999   124.601    62.900     0.146
     0.999   124.551    62.950     0.158
     0.999   124.501    63.000     0.170
     0.999   124.451    63.050     0.182
     0.999   124.402    63.100     0.195
     0.998   124.352    63.150     0.205
     0.998   124.302    63.200     0.217
     0.998   124.253    63.249     0.230
     0.998   124.203    63.299     0.240
     0.997   124.154    63.349     0.253
     0.997   124.104    63.399     0.265
     0.996   124.055    63.449     0.277
     0.996   124.005    63.499     0.288
     0.996   123.956    63.549     0.299
     0.995   123.906    63.598     0.312
     0.995   123.857    63.648     0.325
     0.994   123.808    63.698     0.338
     0.994   123.758    63.748     0.349
     0.993   123.709    63.797     0.360
     0.993   123.660    63.847     0.373
     0.992   123.611    63.897     0.385
     0.992   123.562    63.946     0.397
     0.991   123.513    63.996     0.409
     0.991   123.464    64.045     0.422
     0.990   123.415    64.095     0.435
     0.989   123.366    64.144     0.448
     0.989   123.317    64.194     0.460
     0.988   123.269    64.243     0.472
     0.987   123.220    64.293     0.484
     0.987   123.171    64.342     0.497
     0.986   123.123    64.391     0.509
     0.985   123.074    64.441     0.522
     0.984   123.026    64.490     0.533
     0.984   122.977    64.539     0.546
     0.983   122.929    64.588     0.558
     0.982   122.881    64.637     0.571
     0.981   122.832    64.686     0.584
     0.980   122.784    64.735     0.597
     0.979   122.736    64.784     0.608
     0.979   122.688    64.833     0.620
     0.978   122.640    64.882     0.631
     0.977   122.592    64.931     0.643
     0.976   122.544    64.980     0.655
     0.975   122.496    65.029     0.667
     0.974   122.449    65.078     0.677
     0.973   122.401    65.126     0.689
     0.972   122.353    65.175     0.701
     0.971   122.306    65.223     0.713
     0.970   122.258    65.272     0.724
     0.969   122.211    65.320     0.736
     0.968   122.163    65.369     0.748
     0.966   122.116    65.417     0.759
     0.965   122.069    65.466     0.770
     0.964   122.022    65.514     0.782
     0.963   121.975    65.562     0.794
     0.962   121.928    65.610     0.807
     0.961   121.881    65.658     0.819
     0.960   121.834    65.706     0.831
     0.958   121.787    65.754     0.843
     0.957   121.741    65.802     0.855
     0.956   121.694    65.850     0.867
     0.955   121.648    65.898     0.879
     0.953   121.601    65.945     0.890
     0.952   121.555    65.993     0.902
     0.951   121.509    66.041     0.915
     0.949   121.462    66.088     0.926
     0.948   121.416    66.136     0.939
     0.947   121.370    66.183     0.951
     0.945   121.324    66.230     0.964
     0.944   121.279    66.278     0.976
     0.942   121.233    66.325     0.989
     0.941   121.187    66.372     1.002
     0.940   121.141    66.419     1.016
     0.938   121.096    66.466     1.030
     0.937   121.051    66.513     1.041
     0.935   121.005    66.560     1.053
     0.934   120.960    66.606     1.065
     0.932   120.915    66.653     1.076
     0.931   120.870    66.700     1.088
     0.929   120.825    66.746     1.101
     0.928   120.780    66.793     1.113
     0.926   120.735    66.839     1.125
     0.924   120.690    66.885     1.137
     0.923   120.646    66.931     1.150
     0.921   120.601    66.977     1.162
     0.920   120.557    67.024     1.174
     0.918   120.513    67.069     1.185
     0.916   120.468    67.115     1.197
     0.915   120.424    67.161     1.209
     0.913   120.380    67.207     1.221
     0.911   120.336    67.252     1.233
     0.910   120.292    67.298     1.245
     0.908   120.249    67.343     1.269
     0.906   120.205    67.389     1.284
     0.904   120.162    67.434     1.298
     0.903   120.118    67.479     1.311
     0.901   120.075    67.524     1.324
     0.899   120.031    67.569     1.335
     0.897   119.988    67.614     1.347
     0.895   119.945    67.659     1.359
     0.894   119.902    67.704     1.371
     0.892   119.860    67.749     1.383
     0.890   119.817    67.793     1.395
     0.888   119.774    67.838     1.407
     0.886   119.732    67.882     1.418
     0.884   119.689    67.926     1.430
     0.883   119.647    67.970     1.442
     0.881   119.605    68.015     1.454
     0.879   119.563    68.059     1.465
     0.877   119.521    68.103     1.478
     0.875   119.479    68.146     1.490
     0.873   119.437    68.190     1.502
     0.871   119.395    68.234     1.514
     0.869   119.354    68.277     1.528
     0.867   119.312    68.321     1.539
     0.865   119.271    68.364     1.551
     0.863   119.230    68.407     1.563
     0.861   119.188    68.450     1.576
     0.859   119.147    68.493     1.588
     0.857   119.107    68.536     1.601
     0.855   119.066    68.579     1.613
     0.853   119.025    68.622     1.626
     0.851   118.984    68.664     1.637
     0.849   118.944    68.707     1.651
     0.847   118.904    68.749     1.663
     0.845   118.863    68.792     1.675
     0.843   118.823    68.834     1.687
     0.841   118.783    68.876     1.699
     0.839   118.743    68.918     1.711
     0.836   118.703    68.960     1.723
     0.834   118.664    69.002     1.736
     0.832   118.624    69.043     1.748
     0.830   118.585    69.085     1.760
     0.828   118.545    69.127     1.772
     0.826   118.506    69.168     1.785
     0.824   118.467    69.209     1.797
     0.822   118.428    69.250     1.811
     0.819   118.389    69.291     1.822
     0.817   118.350    69.332     1.834
     0.815   118.312    69.373     1.845
     0.813   118.273    69.414     1.858
     0.811   118.235    69.454     1.869
     0.808   118.196    69.495     1.880
     0.806   118.158    69.535     1.894
     0.804   118.120    69.576     1.909
     0.802   118.082    69.616     1.919
     0.800   118.044    69.656     1.929
     0.797   118.007    69.696     1.940
     0.795   117.969    69.736     1.951
     0.793   117.932    69.775     1.962
     0.791   117.894    69.815     1.972
     0.788   117.857    69.855     1.987
     0.786   117.820    69.894     2.003
     0.784   117.783    69.933     2.019
     0.782   117.746    69.972     2.034
     0.779   117.709    70.011     2.052
     0.777   117.672    70.050     2.067
     0.775   117.636    70.089     2.082
     0.773   117.599    70.128     2.098
     0.770   117.563    70.167     2.115
     0.768   117.527    70.205     2.130
     0.766   117.491    70.243     2.145
     0.763   117.455    70.282     2.165
     0.761   117.419    70.320     2.180
     0.759   117.383    70.358     2.196
     0.756   117.348    70.396     2.214
     0.754   117.312    70.433     2.229
     0.752   117.277    70.471     2.248
     0.750   117.242    70.509     2.265
     0.747   117.207    70.546     2.281
     0.745   117.172    70.584     2.298
     0.743   117.137    70.621     2.312
     0.740   117.102    70.658     2.328
     0.738   117.067    70.695     2.346
     0.735   117.033    70.732     2.358
     0.733   116.998    70.768     2.374
     0.731   116.964    70.805     2.389
     0.728   116.930    70.842     2.404
     0.726   116.896    70.878     2.419
     0.724   116.862    70.914     2.432
     0.721   116.828    70.950     2.447
     0.719   116.794    70.986     2.465
     0.717   116.761    71.022     2.480
     0.714   116.727    71.058     2.494
     0.712   116.694    71.094     2.510
     0.710   116.661    71.129     2.523
     0.707   116.628    71.165     2.536
     0.705   116.595    71.200     2.551
     0.702   116.562    71.235     2.568
     0.700   116.529    71.270     2.583
     0.698   116.497    71.305     2.597
     0.695   116.464    71.340     2.614
     0.693   116.432    71.375     2.644
     0.691   116.400    71.410     2.659
     0.688   116.368    71.444     2.675
     0.686   116.335    71.479     2.691
     0.683   116.304    71.513     2.709
     0.681   116.272    71.547     2.724
     0.679   116.240    71.581     2.738
     0.676   116.209    71.615     2.756
     0.674   116.177    71.649     2.771
     0.672   116.146    71.682     2.786
     0.669   116.115    71.716     2.803
     0.667   116.084    71.749     2.818
     0.664   116.053    71.783     2.833
     0.662   116.022    71.816     2.848
     0.660   115.991    71.849     2.859
     0.657   115.961    71.882     2.870
     0.655   115.930    71.915     2.882
     0.653   115.900    71.947     2.894
     0.650   115.870    71.980     2.906
     0.648   115.840    72.012     2.917
     0.645   115.810    72.045     2.929
     0.643   115.780    72.077     2.942
     0.641   115.750    72.109     2.954
     0.638   115.720    72.141     2.966
     0.636   115.691    72.173     2.977
     0.634   115.661    72.205     2.989
     0.631   115.632    72.237     3.003
     0.629   115.603    72.268     3.019
     0.626   115.574    72.299     3.036
     0.624   115.545    72.331     3.051
     0.622   115.516    72.362     3.065
     0.619   115.488    72.393     3.080
     0.617   115.459    72.424     3.094
     0.615   115.430    72.455     3.109
     0.612   115.402    72.485     3.122
     0.610   115.374    72.516     3.138
     0.608   115.346    72.547     3.155
     0.605   115.318    72.577     3.170
     0.603   115.290    72.607     3.186
     0.601   115.262    72.637     3.202
     0.598   115.234    72.667     3.217
     0.596   115.207    72.697     3.233
     0.594   115.179    72.727     3.249
     0.591   115.152    72.757     3.265
     0.589   115.125    72.786     3.280
     0.587   115.098    72.815     3.297
     0.584   115.071    72.845     3.312
     0.582   115.044    72.874     3.329
     0.580   115.017    72.903     3.344
     0.577   114.991    72.932     3.358
     0.575   114.964    72.961     3.373
     0.573   114.938    72.990     3.389
     0.570   114.911    73.018     3.406
     0.568   114.885    73.047     3.422
     0.566   114.859    73.075     3.437
     0.564   114.833    73.103     3.452
     0.561   114.807    73.131     3.469
     0.559   114.781    73.159     3.484
     0.557   114.756    73.187     3.499
     0.554   114.730    73.215     3.516
     0.552   114.705    73.243     3.531
     0.550   114.680    73.270     3.549
     0.548   114.654    73.298     3.564
     0.545   114.629    73.325     3.576
     0.543   114.604    73.353     3.588
     0.541   114.579    73.380     3.600
     0.539   114.555    73.407     3.612
     0.536   114.530    73.434     3.623
     0.534   114.506    73.460     3.635
     0.532   114.481    73.487     3.646
     0.530   114.457    73.514     3.658
     0.527   114.433    73.540     3.670
     0.525   114.408    73.566     3.682
     0.523   114.384    73.593     3.692
     0.521   114.361    73.619     3.706
     0.518   114.337    73.645     3.719
     0.516   114.313    73.671     3.731
     0.514   114.289    73.696     3.743
     0.512   114.266    73.722     3.759
     0.510   114.243    73.748     3.774
     0.507   114.219    73.773     3.789
     0.505   114.196    73.798     3.804
     0.503   114.173    73.824     3.818
     0.501   114.150    73.849     3.832
     0.499   114.127    73.874     3.846
     0.497   114.105    73.899     3.860
     0.494   114.082    73.924     3.874
     0.492   114.059    73.948     3.888
     0.490   114.037    73.973     3.902
     0.488   114.015    73.997     3.916
     0.486   113.992    74.022     3.930
     0.484   113.970    74.046     3.944
     0.482   113.948    74.070     3.959
     0.479   113.926    74.094     3.972
     0.477   113.905    74.118     3.986
     0.475   113.883    74.142     4.000
     0.473   113.861    74.166     4.014
     0.471   113.840    74.189     4.028
     0.469   113.818    74.213     4.042
     0.467   113.797    74.236     4.056
     0.465   113.776    74.259     4.084
     0.463   113.755    74.283     4.100
     0.460   113.734    74.306     4.116
     0.458   113.713    74.329     4.131
     0.456   113.692    74.352     4.148
     0.454   113.671    74.374     4.163
     0.452   113.650    74.397     4.177
     0.450   113.630    74.420     4.219
     0.448   113.610    74.442     4.236
     0.446   113.589    74.465     4.252
     0.444   113.569    74.487     4.266
     0.442   113.549    74.509     4.278
     0.440   113.529    74.531     4.290
     0.438   113.509    74.553     4.302
     0.436   113.489    74.575     4.313
     0.434   113.469    74.597     4.328
     0.432   113.449    74.618     4.344
     0.430   113.430    74.640     4.359
     0.428   113.410    74.662     4.373
     0.426   113.391    74.683     4.390
     0.424   113.372    74.704     4.405
     0.422   113.352    74.725     4.421
     0.420   113.333    74.746     4.435
     0.418   113.314    74.767     4.452
     0.416   113.295    74.788     4.468
     0.414   113.277    74.809     4.482
     0.412   113.258    74.830     4.498
     0.410   113.239    74.850     4.513
     0.408   113.221    74.871     4.528
     0.407   113.202    74.891     4.545
     0.405   113.184    74.912     4.560
     0.403   113.165    74.932     4.576
     0.401   113.147    74.952     4.591
     0.399   113.129    74.972     4.605
     0.397   113.111    74.992     4.620
     0.395   113.093    75.012     4.636
     0.393   113.075    75.031     4.651
     0.391   113.058    75.051     4.668
     0.389   113.040    75.071     4.683
     0.388   113.022    75.090     4.699
     0.386   113.005    75.109     4.714
     0.384   112.987    75.129     4.729
     0.382   112.970    75.148     4.745
     0.380   112.953    75.167     4.761
     0.378   112.936    75.186     4.776
     0.377   112.919    75.205     4.791
     0.375   112.902    75.223     4.806
     0.373   112.885    75.242     4.821
     0.371   112.868    75.261     4.836
     0.369   112.851    75.279     4.853
     0.368   112.834    75.298     4.870
     0.366   112.818    75.316     4.885
     0.364   112.801    75.334     4.900
     0.362   112.785    75.353     4.916
     0.360   112.769    75.371     4.931
     0.359   112.752    75.389     4.946
     0.357   112.736    75.407     4.960
     0.355   112.720    75.424     4.975
     0.353   112.704    75.442     4.990
     0.352   112.688    75.460     5.006
     0.350   112.672    75.477     5.021
     0.348   112.657    75.495     5.036
     0.347   112.641    75.512     5.051
     0.345   112.625    75.530     5.067
     0.343   112.610    75.547     5.082
     0.341   112.595    75.564     5.097
     0.340   112.579    75.581     5.112
     0.338   112.564    75.598     5.127
     0.336   112.549    75.615     5.142
     0.335   112.534    75.632     5.159
     0.333   112.519    75.648     5.174
     0.331   112.504    75.665     5.190
     0.330   112.489    75.681     5.205
     0.328   112.474    75.698     5.220
     0.326   112.459    75.714     5.235
     0.325   112.444    75.731     5.251
     0.323   112.430    75.747     5.266
     0.322   112.415    75.763     5.281
     0.320   112.401    75.779     5.296
     0.318   112.387    75.795     5.313
     0.317   112.372    75.811     5.328
     0.315   112.358    75.827     5.343
     0.313   112.344    75.842     5.359
     0.312   112.330    75.858     5.374
     0.310   112.316    75.874     5.391
     0.309   112.302    75.889     5.406
     0.307   112.288    75.905     5.422
     0.306   112.274    75.920     5.437
     0.304   112.261    75.935     5.452
     0.303   112.247    75.950     5.467
     0.301   112.233    75.965     5.482
     0.299   112.220    75.981     5.499
     0.298   112.206    75.995     5.514
     0.296   112.193    76.010     5.530
     0.295   112.180    76.025     5.545
     0.293   112.167    76.040     5.560
     0.292   112.153    76.055     5.576
     0.290   112.140    76.069     5.593
     0.289   112.127    76.084     5.608
     0.287   112.114    76.098     5.623
     0.286   112.102    76.112     5.655
     0.284   112.089    76.127     5.672
     0.283   112.076    76.141     5.688
     0.282   112.063    76.155     5.705
     0.280   112.051    76.169     5.720
     0.279   112.038    76.183     5.735
     0.277   112.026    76.197     5.750
     0.276   112.013    76.211     5.766
     0.274   112.001    76.225     5.782
     0.273   111.989    76.238     5.797
     0.271   111.977    76.252     5.814
     0.270   111.964    76.265     5.833
     0.269   111.952    76.279     5.849
     0.267   111.940    76.292     5.862
     0.266   111.928    76.306     5.879
     0.264   111.916    76.319     5.894
     0.263   111.905    76.332     5.911
     0.262   111.893    76.345     5.926
     0.260   111.881    76.358     5.942
     0.259   111.870    76.371     5.959
     0.258   111.858    76.384     5.974
     0.256   111.846    76.397     5.992
     0.255   111.835    76.410     6.007
     0.254   111.824    76.423     6.024
     0.252   111.812    76.435     6.039
     0.251   111.801    76.448     6.054
     0.250   111.790    76.460     6.069
     0.248   111.779    76.473     6.085
     0.247   111.768    76.485     6.101
     0.246   111.757    76.498     6.117
     0.244   111.746    76.510     6.134
     0.243   111.735    76.522     6.149
     0.242   111.724    76.534     6.164
     0.240   111.713    76.546     6.179
     0.239   111.702    76.558     6.194
     0.238   111.692    76.570     6.211
     0.237   111.681    76.582     6.228
     0.235   111.670    76.594     6.244
     0.234   111.660    76.606     6.260
     0.233   111.650    76.617     6.275
     0.232   111.639    76.629     6.291
     0.230   111.629    76.641     6.306
     0.229   111.619    76.652     6.323
     0.228   111.608    76.664     6.338
     0.227   111.598    76.675     6.355
     0.226   111.588    76.686     6.370
     0.224   111.578    76.698     6.385
     0.223   111.568    76.709     6.401
     0.222   111.558    76.720     6.416
     0.221   111.548    76.731     6.431
     0.220   111.538    76.742     6.446
     0.218   111.529    76.753     6.461
     0.217   111.519    76.764     6.476
     0.216   111.509    76.775     6.491
     0.215   111.500    76.785     6.507
     0.214   111.490    76.796     6.521
     0.213   111.480    76.807     6.536
     0.211   111.471    76.817     6.551
     0.210   111.462    76.828     6.573
     0.209   111.452    76.839     6.588
     0.208   111.443    76.849     6.604
     0.207   111.434    76.859     6.618
     0.206   111.424    76.870     6.636
     0.205   111.415    76.880     6.653
     0.204   111.406    76.890     6.669
     0.202   111.397    76.900     6.686
     0.201   111.388    76.910     6.704
     0.200   111.379    76.921     6.719
     0.199   111.370    76.931     6.736
     0.198   111.361    76.940     6.751
     0.197   111.353    76.950     6.765
     0.196   111.344    76.960     6.782
     0.195   111.335    76.970     6.797
     0.194   111.326    76.980     6.812
     0.193   111.318    76.989     6.829
     0.192   111.309    76.999     6.844
     0.191   111.301    77.009     6.860
     0.190   111.292    77.018     6.877
     0.189   111.284    77.028     6.892
     0.187   111.276    77.037     6.907
     0.186   111.267    77.046     6.922
     0.185   111.259    77.056     6.937
     0.184   111.251    77.065     6.952
     0.183   111.242    77.074     6.969
     0.182   111.234    77.083     6.984
     0.181   111.226    77.092     6.999
     0.180   111.218    77.101     7.014
     0.179   111.210    77.110     7.029
     0.178   111.202    77.119     7.046
     0.177   111.194    77.128     7.061
     0.176   111.186    77.137     7.076
     0.175   111.178    77.146     7.093
     0.174   111.171    77.155     7.108
     0.174   111.163    77.163     7.122
     0.173   111.155    77.172     7.139
     0.172   111.148    77.181     7.154
     0.171   111.140    77.189     7.171
     0.170   111.132    77.198     7.186
     0.169   111.125    77.206     7.201
     0.168   111.117    77.215     7.218
     0.167   111.110    77.223     7.249
