     1.000   125.000     0.000     0.000
     1.000   124.988     0.013     0.031
     1.000   124.975     0.025     0.038
     1.000   124.963     0.037     0.042
     1.000   124.950     0.050     0.047
     1.000   124.938     0.062     0.052
     1.000   124.925     0.075     0.056
     1.000   124.913     0.087     0.061
     1.000   124.900     0.100     0.065
     1.000   124.888     0.112     0.070
     1.000   124.875     0.125     0.073
     1.000   124.863     0.137     0.077
     1.000   124.850     0.150     0.081
     1.000   124.838     0.162     0.085
     1.000   124.825     0.175     0.089
     1.000   124.813     0.187     0.094
     1.000   124.800     0.200     0.098
     1.000   124.788     0.212     0.103
     1.000   124.775     0.225     0.107
     1.000   124.763     0.237     0.111
     1.000   124.750     0.250     0.115
     1.000   124.738     0.262     0.120
     1.000   124.725     0.275     0.124
     1.000   124.713     0.287     0.129
     1.000   124.700     0.300     0.133
     1.000   124.688     0.312     0.138
     1.000   124.675     0.325     0.142
     1.000   124.663     0.337     0.146
     1.000   124.651     0.350     0.151
     0.999   124.638     0.362     0.155
     0.999   124.626     0.375     0.160
     0.999   124.613     0.387     0.164
     0.999   124.601     0.400     0.168
     0.999   124.588     0.412     0.172
     0.999   124.576     0.425     0.176
     0.999   124.563     0.437     0.181
     0.999   124.551     0.450     0.185
     0.999   124.538     0.462     0.189
     0.999   124.526     0.475     0.194
     0.999   124.514     0.487     0.198
     0.999   124.501     0.500     0.203
     0.999   124.489     0.512     0.207
     0.999   124.476     0.525     0.211
     0.999   124.464     0.537     0.216
     0.999   124.451     0.550     0.220
     0.999   124.439     0.562     0.224
     0.999   124.427     0.575     0.228
     0.999   124.414     0.587     0.233
     0.999   124.402     0.600     0.237
     0.999   124.389     0.612     0.241
     0.998   124.377     0.625     0.246
     0.998   124.364     0.637     0.250
     0.998   124.352     0.650     0.254
     0.998   124.340     0.662     0.258
     0.998   124.327     0.675     0.263
     0.998   124.315     0.687     0.266
     0.998   124.302     0.700     0.270
     0.998   124.290     0.712     0.274
     0.998   124.278     0.725     0.279
     0.998   124.265     0.737     0.283
     0.998   124.253     0.749     0.287
     0.998   124.240     0.762     0.292
     0.998   124.228     0.774     0.296
     0.998   124.216     0.787     0.300
     0.997   124.203     0.799     0.305
     0.997   124.191     0.812     0.308
     0.997   124.178     0.824     0.313
     0.997   124.166     0.837     0.317
     0.997   124.154     0.849     0.321
     0.997   124.141     0.862     0.326
     0.997   124.129     0.874     0.330
     0.997   124.116     0.887     0.334
     0.997   124.104     0.899     0.338
     0.997   124.092     0.912     0.343
     0.997   124.079     0.924     0.347
     0.997   124.067     0.936     0.352
     0.996   124.055     0.949     0.356
     0.996   124.042     0.961     0.361
     0.996   124.030     0.974     0.365
     0.996   124.018     0.986     0.369
     0.996   124.005     0.999     0.374
     0.996   123.993     1.011     0.378
     0.996   123.981     1.024     0.382
     0.996   123.968     1.036     0.387
     0.996   123.956     1.049     0.391
     0.996   123.943     1.061     0.395
     0.995   123.931     1.073     0.400
     0.995   123.919     1.086     0.403
     0.995   123.906     1.098     0.407
     0.995   123.894     1.111     0.411
     0.995   123.882     1.123     0.415
     0.995   123.869     1.136     0.420
     0.995   123.857     1.148     0.424
     0.995   123.845     1.160     0.428
     0.995   123.833     1.173     0.432
     0.994   123.820     1.185     0.436
     0.994   123.808     1.198     0.441
     0.994   123.796     1.210     0.444
     0.994   123.783     1.223     0.449
     0.994   123.771     1.235     0.453
     0.994   123.759     1.247     0.462
     0.994   123.746     1.260     0.466
     0.994   123.734     1.272     0.470
     0.993   123.722     1.285     0.475
     0.993   123.709     1.297     0.479
     0.993   123.697     1.310     0.483
     0.993   123.685     1.322     0.487
     0.993   123.673     1.334     0.492
     0.993   123.660     1.347     0.496
     0.993   123.648     1.359     0.500
     0.993   123.636     1.372     0.507
     0.992   123.624     1.384     0.511
     0.992   123.611     1.396     0.516
     0.992   123.599     1.409     0.520
     0.992   123.587     1.421     0.524
     0.992   123.574     1.434     0.529
     0.992   123.562     1.446     0.533
     0.992   123.550     1.458     0.538
     0.991   123.538     1.471     0.542
     0.991   123.525     1.483     0.546
     0.991   123.513     1.496     0.550
     0.991   123.501     1.508     0.555
     0.991   123.489     1.520     0.559
     0.991   123.476     1.533     0.563
     0.991   123.464     1.545     0.568
     0.990   123.452     1.558     0.571
     0.990   123.440     1.570     0.576
     0.990   123.428     1.582     0.580
     0.990   123.415     1.595     0.584
     0.990   123.403     1.607     0.588
     0.990   123.391     1.619     0.593
     0.989   123.379     1.632     0.596
     0.989   123.366     1.644     0.602
     0.989   123.354     1.657     0.607
     0.989   123.342     1.669     0.611
     0.989   123.330     1.681     0.616
     0.989   123.318     1.694     0.619
     0.988   123.306     1.706     0.624
     0.988   123.293     1.718     0.628
     0.988   123.281     1.731     0.632
     0.988   123.269     1.743     0.637
     0.988   123.257     1.755     0.641
     0.988   123.245     1.768     0.646
     0.987   123.232     1.780     0.650
     0.987   123.220     1.792     0.654
     0.987   123.208     1.805     0.658
     0.987   123.196     1.817     0.662
     0.987   123.184     1.829     0.666
     0.987   123.172     1.842     0.670
     0.986   123.159     1.854     0.675
     0.986   123.147     1.866     0.679
     0.986   123.135     1.879     0.683
     0.986   123.123     1.891     0.688
     0.986   123.111     1.903     0.692
     0.985   123.099     1.916     0.696
     0.985   123.087     1.928     0.700
     0.985   123.074     1.940     0.704
     0.985   123.062     1.953     0.709
     0.985   123.050     1.965     0.713
     0.985   123.038     1.977     0.718
     0.984   123.026     1.990     0.722
     0.984   123.014     2.002     0.726
     0.984   123.002     2.014     0.730
     0.984   122.990     2.027     0.735
     0.984   122.978     2.039     0.739
     0.983   122.965     2.051     0.743
     0.983   122.953     2.063     0.748
     0.983   122.941     2.076     0.752
     0.983   122.929     2.088     0.756
     0.983   122.917     2.100     0.760
     0.982   122.905     2.113     0.765
     0.982   122.893     2.125     0.769
     0.982   122.881     2.137     0.773
     0.982   122.869     2.149     0.778
     0.982   122.857     2.162     0.782
     0.981   122.845     2.174     0.786
     0.981   122.833     2.186     0.790
     0.981   122.821     2.198     0.795
     0.981   122.809     2.211     0.799
     0.980   122.797     2.223     0.804
     0.980   122.785     2.235     0.808
     0.980   122.772     2.247     0.812
     0.980   122.760     2.260     0.817
     0.980   122.748     2.272     0.820
     0.979   122.736     2.284     0.825
     0.979   122.724     2.296     0.829
     0.979   122.712     2.309     0.833
     0.979   122.700     2.321     0.836
     0.978   122.688     2.333     0.841
     0.978   122.676     2.345     0.845
     0.978   122.664     2.358     0.850
     0.978   122.652     2.370     0.854
     0.978   122.640     2.382     0.858
     0.977   122.628     2.394     0.862
     0.977   122.616     2.407     0.867
     0.977   122.604     2.419     0.871
     0.977   122.592     2.431     0.876
     0.976   122.580     2.443     0.880
     0.976   122.568     2.455     0.884
     0.976   122.556     2.468     0.889
     0.976   122.545     2.480     0.896
     0.975   122.533     2.492     0.900
     0.975   122.521     2.504     0.904
     0.975   122.509     2.516     0.909
     0.975   122.497     2.529     0.913
     0.974   122.485     2.541     0.917
     0.974   122.473     2.553     0.921
     0.974   122.461     2.565     0.925
     0.974   122.449     2.577     0.930
     0.973   122.437     2.589     0.934
     0.973   122.425     2.602     0.938
     0.973   122.413     2.614     0.942
     0.973   122.401     2.626     0.946
     0.972   122.389     2.638     0.950
     0.972   122.378     2.650     0.954
     0.972   122.366     2.662     0.958
     0.972   122.354     2.675     0.962
     0.971   122.342     2.687     0.966
     0.971   122.330     2.699     0.971
     0.971   122.318     2.711     0.975
     0.971   122.306     2.723     0.979
     0.970   122.294     2.735     0.983
     0.970   122.282     2.747     0.988
     0.970   122.271     2.760     0.992
     0.970   122.259     2.772     0.996
     0.969   122.247     2.784     1.000
     0.969   122.235     2.796     1.005
     0.969   122.223     2.808     1.009
     0.969   122.211     2.820     1.013
     0.968   122.200     2.832     1.017
     0.968   122.188     2.844     1.021
     0.968   122.176     2.856     1.025
     0.967   122.164     2.868     1.030
     0.967   122.152     2.881     1.034
     0.967   122.140     2.893     1.038
     0.967   122.129     2.905     1.042
     0.966   122.117     2.917     1.047
     0.966   122.105     2.929     1.051
     0.966   122.093     2.941     1.055
     0.966   122.081     2.953     1.060
     0.965   122.070     2.965     1.064
     0.965   122.058     2.977     1.068
     0.965   122.046     2.989     1.072
     0.964   122.034     3.001     1.077
     0.964   122.022     3.013     1.081
     0.964   122.011     3.025     1.085
     0.964   121.999     3.037     1.090
     0.963   121.987     3.050     1.093
     0.963   121.975     3.062     1.096
     0.963   121.964     3.074     1.100
     0.962   121.952     3.086     1.103
     0.962   121.940     3.098     1.107
     0.962   121.928     3.110     1.112
     0.961   121.917     3.122     1.116
     0.961   121.905     3.134     1.121
     0.961   121.893     3.146     1.125
     0.961   121.882     3.158     1.130
     0.960   121.870     3.170     1.134
     0.960   121.858     3.182     1.138
     0.960   121.847     3.194     1.143
     0.959   121.835     3.206     1.146
     0.959   121.823     3.218     1.151
     0.959   121.811     3.230     1.155
     0.958   121.800     3.242     1.160
     0.958   121.788     3.254     1.165
     0.958   121.776     3.266     1.169
     0.958   121.765     3.278     1.173
     0.957   121.753     3.290     1.177
     0.957   121.741     3.302     1.182
     0.957   121.730     3.314     1.186
     0.956   121.718     3.326     1.190
     0.956   121.707     3.337     1.195
     0.956   121.695     3.349     1.199
     0.955   121.683     3.361     1.203
     0.955   121.672     3.373     1.207
     0.955   121.660     3.385     1.211
     0.954   121.648     3.397     1.216
     0.954   121.637     3.409     1.220
     0.954   121.625     3.421     1.225
     0.953   121.614     3.433     1.229
     0.953   121.602     3.445     1.233
     0.953   121.590     3.457     1.237
     0.952   121.579     3.469     1.242
     0.952   121.567     3.481     1.245
     0.952   121.556     3.493     1.249
     0.951   121.544     3.504     1.254
     0.951   121.533     3.516     1.258
     0.951   121.521     3.528     1.262
     0.951   121.509     3.540     1.266
     0.950   121.498     3.552     1.271
     0.950   121.486     3.564     1.275
     0.950   121.475     3.576     1.279
     0.949   121.463     3.588     1.283
     0.949   121.452     3.599     1.288
     0.949   121.440     3.611     1.292
     0.948   121.429     3.623     1.296
     0.948   121.417     3.635     1.300
     0.947   121.406     3.647     1.305
     0.947   121.394     3.659     1.309
     0.947   121.383     3.671     1.313
     0.946   121.371     3.682     1.319
     0.946   121.360     3.694     1.324
     0.946   121.348     3.706     1.328
     0.945   121.337     3.718     1.332
     0.945   121.325     3.730     1.337
     0.945   121.314     3.741     1.341
     0.944   121.302     3.753     1.345
     0.944   121.291     3.765     1.349
     0.944   121.279     3.777     1.353
     0.943   121.268     3.789     1.358
     0.943   121.257     3.800     1.362
     0.943   121.245     3.812     1.366
     0.942   121.234     3.824     1.371
     0.942   121.222     3.836     1.374
     0.942   121.211     3.848     1.379
     0.941   121.199     3.859     1.383
     0.941   121.188     3.871     1.387
     0.940   121.177     3.883     1.392
     0.940   121.165     3.895     1.396
     0.940   121.154     3.906     1.400
     0.939   121.142     3.918     1.404
     0.939   121.131     3.930     1.408
     0.939   121.120     3.942     1.413
     0.938   121.108     3.953     1.417
     0.938   121.097     3.965     1.421
     0.938   121.086     3.977     1.425
     0.937   121.074     3.989     1.430
     0.937   121.063     4.000     1.434
     0.936   121.052     4.012     1.438
     0.936   121.040     4.024     1.443
     0.936   121.029     4.035     1.447
     0.935   121.018     4.047     1.451
     0.935   121.006     4.059     1.455
     0.935   120.995     4.070     1.460
     0.934   120.984     4.082     1.464
     0.934   120.972     4.094     1.468
     0.934   120.961     4.106     1.473
     0.933   120.950     4.117     1.477
     0.933   120.938     4.129     1.481
     0.932   120.927     4.140     1.485
     0.932   120.916     4.152     1.490
     0.932   120.905     4.164     1.494
     0.931   120.893     4.175     1.498
     0.931   120.882     4.187     1.501
     0.930   120.871     4.199     1.505
     0.930   120.860     4.210     1.509
     0.930   120.848     4.222     1.514
     0.929   120.837     4.234     1.518
     0.929   120.826     4.245     1.522
     0.929   120.815     4.257     1.526
     0.928   120.803     4.268     1.531
     0.928   120.792     4.280     1.535
     0.927   120.781     4.292     1.539
     0.927   120.770     4.303     1.543
     0.927   120.759     4.315     1.548
     0.926   120.747     4.326     1.552
     0.926   120.736     4.338     1.556
     0.925   120.725     4.350     1.561
     0.925   120.714     4.361     1.565
     0.925   120.703     4.373     1.569
     0.924   120.692     4.384     1.574
     0.924   120.680     4.396     1.577
     0.923   120.669     4.407     1.582
     0.923   120.658     4.419     1.586
     0.923   120.647     4.430     1.590
     0.922   120.636     4.442     1.595
     0.922   120.625     4.453     1.599
     0.921   120.614     4.465     1.603
     0.921   120.602     4.477     1.608
     0.921   120.591     4.488     1.612
     0.920   120.580     4.500     1.616
     0.920   120.569     4.511     1.620
     0.919   120.558     4.523     1.625
     0.919   120.547     4.534     1.629
     0.919   120.536     4.546     1.633
     0.918   120.525     4.557     1.637
     0.918   120.514     4.568     1.641
     0.917   120.503     4.580     1.645
     0.917   120.492     4.591     1.650
     0.917   120.481     4.603     1.654
     0.916   120.470     4.614     1.658
     0.916   120.459     4.626     1.663
     0.915   120.448     4.637     1.667
     0.915   120.436     4.649     1.671
     0.914   120.425     4.660     1.675
     0.914   120.414     4.672     1.679
     0.914   120.403     4.683     1.684
     0.913   120.392     4.694     1.688
     0.913   120.381     4.706     1.693
     0.912   120.370     4.717     1.697
     0.912   120.359     4.729     1.701
     0.911   120.349     4.740     1.706
     0.911   120.338     4.751     1.709
     0.911   120.327     4.763     1.714
     0.910   120.316     4.774     1.718
     0.910   120.305     4.786     1.722
     0.909   120.294     4.797     1.726
     0.909   120.283     4.808     1.731
     0.908   120.272     4.820     1.735
     0.908   120.261     4.831     1.739
     0.908   120.250     4.842     1.747
     0.907   120.239     4.854     1.751
     0.907   120.228     4.865     1.755
     0.906   120.217     4.876     1.759
     0.906   120.206     4.888     1.764
     0.905   120.195     4.899     1.769
     0.905   120.185     4.910     1.773
     0.905   120.174     4.922     1.777
     0.904   120.163     4.933     1.782
     0.904   120.152     4.944     1.785
     0.903   120.141     4.956     1.790
     0.903   120.130     4.967     1.794
     0.902   120.119     4.978     1.798
     0.902   120.109     4.989     1.802
     0.902   120.098     5.001     1.806
     0.901   120.087     5.012     1.811
     0.901   120.076     5.023     1.815
     0.900   120.065     5.034     1.819
     0.900   120.055     5.046     1.823
     0.899   120.044     5.057     1.827
     0.899   120.033     5.068     1.832
     0.898   120.022     5.079     1.836
     0.898   120.011     5.091     1.840
     0.898   120.001     5.102     1.845
     0.897   119.990     5.113     1.849
     0.897   119.979     5.124     1.854
     0.896   119.968     5.136     1.858
     0.896   119.958     5.147     1.862
     0.895   119.947     5.158     1.866
     0.895   119.936     5.169     1.871
     0.894   119.925     5.180     1.875
     0.894   119.915     5.192     1.890
     0.893   119.904     5.203     1.896
     0.893   119.893     5.214     1.901
     0.893   119.882     5.225     1.905
     0.892   119.872     5.236     1.909
     0.892   119.861     5.247     1.913
     0.891   119.850     5.258     1.917
     0.891   119.840     5.270     1.922
     0.890   119.829     5.281     1.926
     0.890   119.818     5.292     1.930
     0.889   119.808     5.303     1.935
     0.889   119.797     5.314     1.939
     0.888   119.786     5.325     1.943
     0.888   119.776     5.336     1.947
     0.887   119.765     5.347     1.952
     0.887   119.754     5.359     1.956
     0.887   119.744     5.370     1.960
     0.886   119.733     5.381     1.964
     0.886   119.723     5.392     1.968
     0.885   119.712     5.403     1.972
     0.885   119.701     5.414     1.976
     0.884   119.691     5.425     1.980
     0.884   119.680     5.436     1.985
     0.883   119.670     5.447     1.989
     0.883   119.659     5.458     1.993
     0.882   119.649     5.469     1.997
     0.882   119.638     5.480     2.002
     0.881   119.627     5.491     2.006
     0.881   119.617     5.502     2.010
     0.880   119.606     5.513     2.014
     0.880   119.596     5.524     2.018
     0.879   119.585     5.535     2.022
     0.879   119.575     5.546     2.026
     0.879   119.564     5.557     2.031
     0.878   119.554     5.568     2.035
     0.878   119.543     5.579     2.039
     0.877   119.533     5.590     2.043
     0.877   119.522     5.601     2.047
     0.876   119.512     5.612     2.052
     0.876   119.501     5.623     2.056
     0.875   119.491     5.634     2.060
     0.875   119.480     5.645     2.065
     0.874   119.470     5.656     2.069
     0.874   119.460     5.667     2.073
     0.873   119.449     5.678     2.077
     0.873   119.439     5.689     2.082
     0.872   119.428     5.699     2.086
     0.872   119.418     5.710     2.089
     0.871   119.407     5.721     2.094
     0.871   119.397     5.732     2.098
     0.870   119.387     5.743     2.102
     0.870   119.376     5.754     2.106
     0.869   119.366     5.765     2.110
     0.869   119.355     5.776     2.115
     0.868   119.345     5.787     2.119
     0.868   119.335     5.797     2.123
     0.867   119.324     5.808     2.127
     0.867   119.314     5.819     2.131
     0.866   119.304     5.830     2.135
     0.866   119.293     5.841     2.139
     0.865   119.283     5.852     2.143
     0.865   119.273     5.862     2.146
     0.864   119.262     5.873     2.150
     0.864   119.252     5.884     2.155
     0.863   119.242     5.895     2.159
     0.863   119.231     5.906     2.163
     0.862   119.221     5.916     2.167
     0.862   119.211     5.927     2.171
     0.861   119.201     5.938     2.175
     0.861   119.190     5.949     2.182
     0.860   119.180     5.959     2.187
     0.860   119.170     5.970     2.191
     0.859   119.160     5.981     2.195
     0.859   119.149     5.992     2.199
     0.858   119.139     6.002     2.203
     0.858   119.129     6.013     2.207
     0.857   119.119     6.024     2.212
     0.857   119.108     6.035     2.216
     0.856   119.098     6.045     2.221
     0.856   119.088     6.056     2.225
     0.855   119.078     6.067     2.229
     0.855   119.068     6.077     2.234
     0.854   119.057     6.088     2.238
     0.854   119.047     6.099     2.242
     0.853   119.037     6.109     2.247
     0.853   119.027     6.120     2.251
     0.852   119.017     6.131     2.255
     0.852   119.007     6.141     2.259
     0.851   118.997     6.152     2.264
     0.851   118.986     6.163     2.268
     0.850   118.976     6.173     2.272
     0.850   118.966     6.184     2.276
     0.849   118.956     6.195     2.280
     0.849   118.946     6.205     2.284
     0.848   118.936     6.216     2.288
     0.848   118.926     6.226     2.293
     0.847   118.916     6.237     2.297
     0.847   118.906     6.248     2.301
     0.846   118.896     6.258     2.305
     0.846   118.885     6.269     2.310
     0.845   118.875     6.279     2.314
     0.845   118.865     6.290     2.318
     0.844   118.855     6.301     2.322
     0.844   118.845     6.311     2.327
     0.843   118.835     6.322     2.330
     0.843   118.825     6.332     2.335
     0.842   118.815     6.343     2.339
     0.842   118.805     6.353     2.343
     0.841   118.795     6.364     2.347
     0.840   118.785     6.374     2.351
     0.840   118.775     6.385     2.355
     0.839   118.765     6.395     2.360
     0.839   118.755     6.406     2.364
     0.838   118.745     6.416     2.368
     0.838   118.735     6.427     2.373
     0.837   118.725     6.437     2.377
     0.837   118.716     6.448     2.381
     0.836   118.706     6.458     2.385
     0.836   118.696     6.469     2.389
     0.835   118.686     6.479     2.394
     0.835   118.676     6.489     2.398
     0.834   118.666     6.500     2.402
     0.834   118.656     6.510     2.407
     0.833   118.646     6.521     2.411
     0.833   118.636     6.531     2.415
     0.832   118.626     6.542     2.419
     0.832   118.616     6.552     2.424
     0.831   118.607     6.562     2.428
     0.830   118.597     6.573     2.432
     0.830   118.587     6.583     2.436
     0.829   118.577     6.593     2.440
     0.829   118.567     6.604     2.444
     0.828   118.557     6.614     2.448
     0.828   118.548     6.625     2.453
     0.827   118.538     6.635     2.457
     0.827   118.528     6.645     2.461
     0.826   118.518     6.656     2.465
     0.826   118.508     6.666     2.470
     0.825   118.499     6.676     2.474
     0.825   118.489     6.687     2.478
     0.824   118.479     6.697     2.483
     0.824   118.469     6.707     2.487
     0.823   118.460     6.717     2.492
     0.822   118.450     6.728     2.496
     0.822   118.440     6.738     2.500
     0.821   118.430     6.748     2.504
     0.821   118.421     6.759     2.508
     0.820   118.411     6.769     2.512
     0.820   118.401     6.779     2.516
     0.819   118.391     6.789     2.520
     0.819   118.382     6.800     2.524
     0.818   118.372     6.810     2.528
     0.818   118.362     6.820     2.533
     0.817   118.353     6.830     2.537
     0.817   118.343     6.840     2.540
     0.816   118.333     6.851     2.545
     0.815   118.324     6.861     2.549
     0.815   118.314     6.871     2.553
     0.814   118.304     6.881     2.557
     0.814   118.295     6.891     2.562
     0.813   118.285     6.902     2.566
     0.813   118.276     6.912     2.570
     0.812   118.266     6.922     2.574
     0.812   118.256     6.932     2.579
     0.811   118.247     6.942     2.582
     0.811   118.237     6.952     2.585
     0.810   118.228     6.962     2.590
     0.809   118.218     6.973     2.594
     0.809   118.208     6.983     2.598
     0.808   118.199     6.993     2.606
     0.808   118.189     7.003     2.611
     0.807   118.180     7.013     2.615
     0.807   118.170     7.023     2.619
     0.806   118.161     7.033     2.624
     0.806   118.151     7.043     2.628
     0.805   118.142     7.053     2.632
     0.804   118.132     7.063     2.637
     0.804   118.123     7.073     2.641
     0.803   118.113     7.084     2.645
     0.803   118.104     7.094     2.649
     0.802   118.094     7.104     2.654
     0.802   118.085     7.114     2.658
     0.801   118.075     7.124     2.663
     0.801   118.066     7.134     2.666
     0.800   118.056     7.144     2.670
     0.799   118.047     7.154     2.673
     0.799   118.037     7.164     2.677
     0.798   118.028     7.174     2.682
     0.798   118.019     7.184     2.688
     0.797   118.009     7.194     2.694
     0.797   118.000     7.204     2.699
     0.796   117.990     7.214     2.703
     0.796   117.981     7.223     2.708
     0.795   117.972     7.233     2.712
     0.794   117.962     7.243     2.716
     0.794   117.953     7.253     2.720
     0.793   117.943     7.263     2.725
     0.793   117.934     7.273     2.729
     0.792   117.925     7.283     2.733
     0.792   117.915     7.293     2.737
     0.791   117.906     7.303     2.742
     0.791   117.897     7.313     2.747
     0.790   117.887     7.323     2.751
     0.789   117.878     7.332     2.755
     0.789   117.869     7.342     2.759
     0.788   117.859     7.352     2.762
     0.788   117.850     7.362     2.765
     0.787   117.841     7.372     2.772
     0.787   117.832     7.382     2.779
     0.786   117.822     7.392     2.787
     0.785   117.813     7.401     2.792
     0.785   117.804     7.411     2.800
     0.784   117.795     7.421     2.807
     0.784   117.785     7.431     2.814
     0.783   117.776     7.441     2.821
     0.783   117.767     7.450     2.825
     0.782   117.758     7.460     2.830
     0.782   117.748     7.470     2.834
     0.781   117.739     7.480     2.839
     0.780   117.730     7.490     2.844
     0.780   117.721     7.499     2.849
     0.779   117.712     7.509     2.853
     0.779   117.703     7.519     2.858
     0.778   117.693     7.529     2.863
     0.778   117.684     7.538     2.868
     0.777   117.675     7.548     2.872
     0.776   117.666     7.558     2.877
     0.776   117.657     7.567     2.882
     0.775   117.648     7.577     2.887
     0.775   117.639     7.587     2.891
     0.774   117.629     7.596     2.896
     0.774   117.620     7.606     2.901
     0.773   117.611     7.616     2.906
     0.772   117.602     7.625     2.911
     0.772   117.593     7.635     2.915
     0.771   117.584     7.645     2.919
     0.771   117.575     7.654     2.924
     0.770   117.566     7.664     2.928
     0.770   117.557     7.674     2.932
     0.769   117.548     7.683     2.937
     0.768   117.539     7.693     2.942
     0.768   117.530     7.702     2.946
     0.767   117.521     7.712     2.951
     0.767   117.512     7.722     2.955
     0.766   117.503     7.731     2.959
     0.766   117.494     7.741     2.964
     0.765   117.485     7.750     2.968
     0.764   117.476     7.760     2.972
     0.764   117.467     7.770     2.977
     0.763   117.458     7.779     2.981
     0.763   117.449     7.789     2.986
     0.762   117.440     7.798     2.990
     0.761   117.431     7.808     2.995
     0.761   117.422     7.817     2.999
     0.760   117.413     7.827     3.004
     0.760   117.404     7.836     3.009
     0.759   117.395     7.846     3.013
     0.759   117.386     7.855     3.018
     0.758   117.377     7.865     3.022
     0.757   117.368     7.874     3.027
     0.757   117.359     7.884     3.031
     0.756   117.351     7.893     3.036
     0.756   117.342     7.903     3.040
     0.755   117.333     7.912     3.045
     0.755   117.324     7.921     3.050
     0.754   117.315     7.931     3.054
     0.753   117.306     7.940     3.059
     0.753   117.297     7.950     3.063
     0.752   117.289     7.959     3.068
     0.752   117.280     7.969     3.076
     0.751   117.271     7.978     3.081
     0.751   117.262     7.987     3.086
     0.750   117.253     7.997     3.090
     0.749   117.245     8.006     3.094
     0.749   117.236     8.015     3.099
     0.748   117.227     8.025     3.103
     0.748   117.218     8.034     3.108
     0.747   117.210     8.043     3.112
     0.746   117.201     8.053     3.117
     0.746   117.192     8.062     3.121
     0.745   117.183     8.071     3.126
     0.745   117.175     8.081     3.131
     0.744   117.166     8.090     3.135
     0.744   117.157     8.099     3.139
     0.743   117.148     8.109     3.144
     0.742   117.140     8.118     3.149
     0.742   117.131     8.127     3.153
     0.741   117.122     8.137     3.158
     0.741   117.114     8.146     3.163
     0.740   117.105     8.155     3.167
     0.739   117.096     8.164     3.171
     0.739   117.088     8.174     3.176
     0.738   117.079     8.183     3.180
     0.738   117.070     8.192     3.184
     0.737   117.062     8.201     3.189
     0.737   117.053     8.210     3.194
     0.736   117.044     8.220     3.198
     0.735   117.036     8.229     3.203
     0.735   117.027     8.238     3.207
     0.734   117.019     8.247     3.212
     0.734   117.010     8.256     3.216
     0.733   117.001     8.266     3.221
     0.732   116.993     8.275     3.225
     0.732   116.984     8.284     3.230
     0.731   116.976     8.293     3.235
     0.731   116.967     8.302     3.240
     0.730   116.959     8.311     3.244
     0.729   116.950     8.320     3.249
     0.729   116.942     8.330     3.253
     0.728   116.933     8.339     3.257
     0.728   116.925     8.348     3.262
     0.727   116.916     8.357     3.266
     0.727   116.908     8.366     3.271
     0.726   116.899     8.375     3.275
     0.725   116.891     8.384     3.280
     0.725   116.882     8.393     3.284
     0.724   116.874     8.402     3.289
     0.724   116.865     8.411     3.294
     0.723   116.857     8.420     3.298
     0.722   116.848     8.429     3.303
     0.722   116.840     8.438     3.307
     0.721   116.831     8.447     3.330
     0.721   116.823     8.456     3.335
     0.720   116.815     8.465     3.339
     0.719   116.806     8.474     3.343
     0.719   116.798     8.483     3.348
     0.718   116.789     8.492     3.352
     0.718   116.781     8.501     3.356
     0.717   116.773     8.510     3.361
     0.717   116.764     8.519     3.366
     0.716   116.756     8.528     3.370
     0.715   116.747     8.537     3.375
     0.715   116.739     8.546     3.380
     0.714   116.731     8.555     3.384
     0.714   116.722     8.564     3.388
     0.713   116.714     8.573     3.393
     0.712   116.706     8.582     3.398
     0.712   116.697     8.591     3.402
     0.711   116.689     8.600     3.407
     0.711   116.681     8.609     3.412
     0.710   116.673     8.617     3.416
     0.709   116.664     8.626     3.419
     0.709   116.656     8.635     3.424
     0.708   116.648     8.644     3.429
     0.708   116.639     8.653     3.433
     0.707   116.631     8.662     3.438
     0.706   116.623     8.671     3.442
     0.706   116.615     8.679     3.446
     0.705   116.606     8.688     3.450
     0.705   116.598     8.697     3.455
     0.704   116.590     8.706     3.459
     0.704   116.582     8.715     3.463
     0.703   116.574     8.723     3.468
     0.702   116.565     8.732     3.473
     0.702   116.557     8.741     3.477
     0.701   116.549     8.750     3.482
     0.701   116.541     8.759     3.486
     0.700   116.533     8.767     3.490
     0.699   116.525     8.776     3.494
     0.699   116.516     8.785     3.499
     0.698   116.508     8.794     3.503
     0.698   116.500     8.802     3.508
     0.697   116.492     8.811     3.513
     0.696   116.484     8.820     3.517
     0.696   116.476     8.828     3.522
     0.695   116.468     8.837     3.526
     0.695   116.460     8.846     3.530
     0.694   116.451     8.854     3.534
     0.693   116.443     8.863     3.539
     0.693   116.435     8.872     3.546
     0.692   116.427     8.880     3.551
     0.692   116.419     8.889     3.556
     0.691   116.411     8.898     3.560
     0.690   116.403     8.906     3.565
     0.690   116.395     8.915     3.569
     0.689   116.387     8.924     3.573
     0.689   116.379     8.932     3.578
     0.688   116.371     8.941     3.583
     0.688   116.363     8.950     3.586
     0.687   116.355     8.958     3.591
     0.686   116.347     8.967     3.596
     0.686   116.339     8.975     3.601
     0.685   116.331     8.984     3.605
     0.685   116.323     8.992     3.610
     0.684   116.315     9.001     3.614
     0.683   116.307     9.010     3.619
     0.683   116.299     9.018     3.623
     0.682   116.291     9.027     3.628
     0.682   116.283     9.035     3.632
     0.681   116.275     9.044     3.636
     0.680   116.267     9.052     3.641
     0.680   116.260     9.061     3.645
     0.679   116.252     9.069     3.650
     0.679   116.244     9.078     3.655
     0.678   116.236     9.086     3.659
     0.677   116.228     9.095     3.664
     0.677   116.220     9.103     3.668
     0.676   116.212     9.112     3.673
     0.676   116.204     9.120     3.677
     0.675   116.197     9.128     3.682
     0.674   116.189     9.137     3.686
     0.674   116.181     9.145     3.691
     0.673   116.173     9.154     3.695
     0.673   116.165     9.162     3.700
     0.672   116.157     9.171     3.704
     0.671   116.150     9.179     3.708
     0.671   116.142     9.187     3.713
     0.670   116.134     9.196     3.718
     0.670   116.126     9.204     3.722
     0.669   116.118     9.212     3.727
     0.668   116.111     9.221     3.732
     0.668   116.103     9.229     3.736
     0.667   116.095     9.238     3.741
     0.667   116.087     9.246     3.745
     0.666   116.080     9.254     3.750
     0.666   116.072     9.263     3.754
     0.665   116.064     9.271     3.759
     0.664   116.057     9.279     3.764
     0.664   116.049     9.287     3.768
     0.663   116.041     9.296     3.773
     0.663   116.033     9.304     3.777
     0.662   116.026     9.312     3.783
     0.661   116.018     9.321     3.788
     0.661   116.010     9.329     3.792
     0.660   116.003     9.337     3.796
     0.660   115.995     9.345     3.801
     0.659   115.987     9.354     3.805
     0.658   115.980     9.362     3.809
     0.658   115.972     9.370     3.814
     0.657   115.964     9.378     3.818
     0.657   115.957     9.387     3.822
     0.656   115.949     9.395     3.827
     0.655   115.942     9.403     3.831
     0.655   115.934     9.411     3.836
     0.654   115.926     9.419     3.839
     0.654   115.919     9.428     3.844
     0.653   115.911     9.436     3.849
     0.652   115.904     9.444     3.853
     0.652   115.896     9.452     3.857
     0.651   115.889     9.460     3.861
     0.651   115.881     9.468     3.866
     0.650   115.873     9.476     3.870
     0.649   115.866     9.485     3.874
     0.649   115.858     9.493     3.878
     0.648   115.851     9.501     3.883
     0.648   115.843     9.509     3.887
     0.647   115.836     9.517     3.891
     0.647   115.828     9.525     3.896
     0.646   115.821     9.533     3.900
     0.645   115.813     9.541     3.904
     0.645   115.806     9.549     3.909
     0.644   115.798     9.557     3.912
     0.644   115.791     9.565     3.916
     0.643   115.784     9.573     3.921
     0.642   115.776     9.581     3.925
     0.642   115.769     9.590     3.929
     0.641   115.761     9.598     3.934
     0.641   115.754     9.606     3.938
     0.640   115.746     9.614     3.942
     0.639   115.739     9.622     3.947
     0.639   115.732     9.630     3.951
     0.638   115.724     9.638     3.956
     0.638   115.717     9.646     3.960
     0.637   115.709     9.653     3.964
     0.636   115.702     9.661     3.968
     0.636   115.695     9.669     3.972
     0.635   115.687     9.677     3.977
     0.635   115.680     9.685     3.981
     0.634   115.673     9.693     3.986
     0.633   115.665     9.701     3.994
     0.633   115.658     9.709     3.998
     0.632   115.651     9.717     4.002
     0.632   115.643     9.725     4.006
     0.631   115.636     9.733     4.010
     0.631   115.629     9.741     4.014
     0.630   115.621     9.749     4.018
     0.629   115.614     9.756     4.023
     0.629   115.607     9.764     4.027
     0.628   115.600     9.772     4.030
     0.628   115.592     9.780     4.035
     0.627   115.585     9.788     4.039
     0.626   115.578     9.796     4.043
     0.626   115.571     9.804     4.047
     0.625   115.563     9.811     4.052
     0.625   115.556     9.819     4.056
     0.624   115.549     9.827     4.060
     0.623   115.542     9.835     4.065
     0.623   115.535     9.843     4.069
     0.622   115.527     9.850     4.073
     0.622   115.520     9.858     4.077
     0.621   115.513     9.866     4.081
     0.621   115.506     9.874     4.085
     0.620   115.499     9.881     4.089
     0.619   115.492     9.889     4.094
     0.619   115.484     9.897     4.098
     0.618   115.477     9.905     4.102
     0.618   115.470     9.912     4.106
     0.617   115.463     9.920     4.111
     0.616   115.456     9.928     4.115
     0.616   115.449     9.936     4.119
     0.615   115.442     9.943     4.124
     0.615   115.434     9.951     4.128
     0.614   115.427     9.959     4.132
     0.613   115.420     9.966     4.136
     0.613   115.413     9.974     4.140
     0.612   115.406     9.982     4.144
     0.612   115.399     9.989     4.148
     0.611   115.392     9.997     4.153
     0.611   115.385    10.005     4.157
     0.610   115.378    10.012     4.161
     0.609   115.371    10.020     4.165
     0.609   115.364    10.027     4.170
     0.608   115.357    10.035     4.174
     0.608   115.350    10.043     4.178
     0.607   115.343    10.050     4.183
     0.606   115.336    10.058     4.187
     0.606   115.329    10.065     4.191
     0.605   115.322    10.073     4.196
     0.605   115.315    10.081     4.201
     0.604   115.308    10.088     4.205
     0.603   115.301    10.096     4.209
     0.603   115.294    10.103     4.214
     0.602   115.287    10.111     4.218
     0.602   115.280    10.118     4.222
     0.601   115.273    10.126     4.226
     0.601   115.266    10.133     4.231
     0.600   115.259    10.141     4.235
     0.599   115.252    10.148     4.239
     0.599   115.245    10.156     4.243
     0.598   115.239    10.163     4.247
     0.598   115.232    10.171     4.252
     0.597   115.225    10.178     4.256
     0.596   115.218    10.186     4.260
     0.596   115.211    10.193     4.265
     0.595   115.204    10.201     4.269
     0.595   115.197    10.208     4.274
     0.594   115.190    10.215     4.278
     0.594   115.184    10.223     4.282
     0.593   115.177    10.230     4.286
     0.592   115.170    10.238     4.290
     0.592   115.163    10.245     4.294
     0.591   115.156    10.252     4.298
     0.591   115.149    10.260     4.303
     0.590   115.143    10.267     4.307
     0.589   115.136    10.275     4.311
     0.589   115.129    10.282     4.315
     0.588   115.122    10.289     4.320
     0.588   115.116    10.297     4.324
     0.587   115.109    10.304     4.328
     0.587   115.102    10.311     4.333
     0.586   115.095    10.319     4.337
     0.585   115.089    10.326     4.341
     0.585   115.082    10.333     4.345
     0.584   115.075    10.341     4.349
     0.584   115.068    10.348     4.354
     0.583   115.062    10.355     4.358
     0.583   115.055    10.363     4.362
     0.582   115.048    10.370     4.367
     0.581   115.042    10.377     4.371
     0.581   115.035    10.384     4.376
     0.580   115.028    10.392     4.380
     0.580   115.021    10.399     4.384
     0.579   115.015    10.406     4.389
     0.578   115.008    10.413     4.393
     0.578   115.001    10.421     4.396
     0.577   114.995    10.428     4.400
     0.577   114.988    10.435     4.403
     0.576   114.982    10.442     4.408
     0.576   114.975    10.449     4.412
     0.575   114.968    10.457     4.419
