     1.000   187.500     0.000     0.000
     1.025   187.425     0.050     0.021
     1.051   187.347     0.102     0.027
     1.077   187.268     0.155     0.034
     1.104   187.187     0.209     0.040
     1.132   187.104     0.265     0.044
     1.160   187.018     0.322     0.051
     1.189   186.931     0.380     0.056
     1.219   186.842     0.440     0.060
     1.249   186.750     0.501     0.065
     1.280   186.656     0.564     0.070
     1.312   186.560     0.628     0.074
     1.344   186.461     0.694     0.080
     1.378   186.360     0.762     0.085
     1.412   186.257     0.831     0.090
     1.446   186.151     0.902     0.096
     1.482   186.043     0.975     0.100
     1.518   185.932     1.050     0.105
     1.556   185.818     1.126     0.111
     1.594   185.702     1.204     0.115
     1.633   185.583     1.284     0.119
     1.672   185.461     1.367     0.126
     1.713   185.336     1.451     0.130
     1.755   185.208     1.537     0.135
     1.797   185.078     1.625     0.140
     1.841   184.944     1.716     0.145
     1.885   184.807     1.808     0.149
     1.930   184.667     1.903     0.155
     1.977   184.523     2.000     0.160
     2.024   184.377     2.100     0.164
     2.072   184.226     2.201     0.168
     2.122   184.073     2.306     0.172
     2.172   183.916     2.412     0.178
     2.223   183.755     2.522     0.182
     2.276   183.591     2.633     0.187
     2.330   183.422     2.748     0.192
     2.384   183.251     2.865     0.197
     2.440   183.075     2.985     0.201
     2.497   182.895     3.108     0.206
     2.555   182.711     3.233     0.210
     2.615   182.524     3.362     0.213
     2.675   182.332     3.493     0.218
     2.737   182.135     3.628     0.223
     2.800   181.935     3.766     0.228
     2.864   181.730     3.906     0.234
     2.929   181.521     4.050     0.239
     2.995   181.307     4.198     0.244
     3.063   181.088     4.348     0.248
     3.132   180.865     4.502     0.252
     3.203   180.638     4.660     0.256
     3.274   180.405     4.821     0.260
     3.347   180.167     4.986     0.265
     3.421   179.925     5.154     0.270
     3.497   179.677     5.326     0.274
     3.574   179.425     5.502     0.280
     3.652   179.167     5.681     0.285
     3.731   178.904     5.865     0.291
     3.812   178.635     6.053     0.295
     3.894   178.362     6.244     0.300
     3.978   178.082     6.440     0.304
     4.062   177.798     6.640     0.308
     4.149   177.507     6.844     0.314
     4.236   177.211     7.053     0.319
     4.325   176.910     7.266     0.323
     4.415   176.602     7.483     0.329
     4.506   176.289     7.705     0.334
     4.599   175.969     7.931     0.338
     4.693   175.644     8.163     0.343
     4.789   175.313     8.398     0.348
     4.885   174.975     8.639     0.354
     4.983   174.632     8.885     0.358
     5.083   174.282     9.135     0.362
     5.183   173.926     9.391     0.367
     5.285   173.564     9.651     0.371
     5.388   173.195     9.917     0.376
     5.492   172.821    10.187     0.380
     5.597   172.439    10.463     0.384
     5.704   172.052    10.744     0.388
     5.812   171.657    11.031     0.393
     5.920   171.257    11.323     0.397
     6.030   170.849    11.620     0.402
     6.141   170.436    11.923     0.406
     6.253   170.015    12.232     0.411
     6.366   169.588    12.546     0.415
     6.480   169.155    12.866     0.419
     6.594   168.715    13.191     0.424
     6.710   168.268    13.522     0.428
     6.826   167.815    13.859     0.431
     6.943   167.355    14.202     0.436
     7.061   166.888    14.551     0.440
     7.179   166.415    14.905     0.445
     7.298   165.936    15.266     0.449
     7.418   165.450    15.632     0.454
     7.538   164.957    16.005     0.458
     7.659   164.458    16.383     0.463
     7.780   163.953    16.768     0.467
     7.901   163.441    17.158     0.472
     8.023   162.923    17.555     0.476
     8.144   162.398    17.957     0.480
     8.266   161.868    18.366     0.485
     8.388   161.331    18.781     0.494
     8.510   160.788    19.202     0.498
     8.632   160.239    19.629     0.503
     8.753   159.684    20.062     0.508
     8.875   159.124    20.501     0.512
     8.996   158.557    20.947     0.517
     9.117   157.985    21.398     0.521
     9.237   157.408    21.855     0.525
     9.356   156.825    22.319     0.530
     9.475   156.237    22.788     0.534
     9.593   155.643    23.263     0.538
     9.711   155.045    23.745     0.543
     9.827   154.441    24.232     0.548
     9.943   153.833    24.724     0.551
    10.057   153.220    25.223     0.555
    10.170   152.602    25.727     0.560
    10.282   151.981    26.237     0.564
    10.393   151.354    26.753     0.569
    10.502   150.724    27.274     0.573
    10.610   150.090    27.800     0.578
    10.716   149.452    28.332     0.582
    10.820   148.811    28.869     0.587
    10.923   148.166    29.412     0.591
    11.023   147.518    29.959     0.596
    11.122   146.866    30.511     0.600
    11.219   146.212    31.069     0.606
    11.314   145.556    31.631     0.611
    11.406   144.896    32.198     0.615
    11.496   144.235    32.769     0.620
    11.584   143.571    33.345     0.626
    11.669   142.905    33.925     0.633
    11.752   142.238    34.510     0.638
    11.833   141.569    35.099     0.644
    11.911   140.898    35.691     0.651
    11.986   140.227    36.288     0.655
    12.058   139.554    36.888     0.660
    12.127   138.881    37.492     0.667
    12.194   138.207    38.099     0.673
    12.258   137.533    38.710     0.678
    12.318   136.859    39.323     0.685
    12.376   136.184    39.940     0.691
    12.431   135.510    40.559     0.695
    12.482   134.837    41.182     0.700
    12.530   134.164    41.806     0.707
    12.575   133.491    42.433     0.713
    12.617   132.820    43.063     0.719
    12.656   132.150    43.694     0.724
    12.691   131.482    44.327     0.730
    12.723   130.814    44.962     0.735
    12.752   130.149    45.599     0.741
    12.777   129.486    46.237     0.746
    12.800   128.825    46.876     0.751
    12.818   128.166    47.516     0.756
    12.834   127.509    48.157     0.763
    12.846   126.855    48.799     0.768
    12.854   126.204    49.441     0.773
    12.860   125.556    50.084     0.777
    12.862   124.911    50.727     0.782
    12.860   124.269    51.370     0.787
    12.856   123.631    52.013     0.794
    12.848   122.996    52.656     0.802
    12.837   122.365    53.298     0.806
    12.822   121.738    53.940     0.811
    12.805   121.114    54.581     0.815
    12.784   120.495    55.221     0.820
    12.760   119.880    55.860     0.824
    12.733   119.269    56.497     0.829
    12.704   118.663    57.134     0.836
    12.671   118.061    57.768     0.841
    12.635   117.464    58.402     0.846
    12.596   116.871    59.033     0.851
    12.554   116.284    59.662     0.856
    12.510   115.701    60.289     0.864
    12.462   115.123    60.914     0.868
    12.413   114.551    61.537     0.876
    12.360   113.983    62.157     0.882
    12.305   113.421    62.774     0.886
    12.247   112.864    63.388     0.891
    12.187   112.313    64.000     0.896
    12.125   111.767    64.609     0.900
    12.060   111.226    65.214     0.907
    11.993   110.691    65.816     0.914
    11.924   110.161    66.415     0.919
    11.852   109.637    67.010     0.924
    11.779   109.119    67.602     0.929
    11.704   108.606    68.190     0.933
    11.627   108.099    68.774     0.938
    11.548   107.598    69.354     0.945
    11.467   107.103    69.931     0.951
    11.384   106.613    70.503     0.956
    11.300   106.129    71.071     0.960
    11.214   105.651    71.635     0.965
    11.127   105.178    72.195     0.972
    11.039   104.711    72.750     0.977
    10.949   104.251    73.301     0.981
    10.858   103.796    73.847     0.988
    10.765   103.346    74.389     0.993
    10.672   102.903    74.926     0.998
    10.577   102.465    75.458     1.003
    10.481   102.033    75.986     1.009
    10.385   101.607    76.509     1.019
    10.288   101.186    77.027     1.026
    10.189   100.771    77.540     1.031
    10.090   100.362    78.048     1.035
     9.991    99.958    78.551     1.039
     9.891    99.560    79.049     1.046
     9.790    99.168    79.543     1.051
     9.689    98.781    80.031     1.058
     9.587    98.399    80.514     1.063
     9.485    98.023    80.992     1.069
     9.382    97.653    81.465     1.074
     9.280    97.288    81.933     1.080
     9.177    96.928    82.395     1.084
     9.074    96.573    82.853     1.089
     8.970    96.224    83.305     1.093
     8.867    95.880    83.753     1.098
     8.764    95.542    84.195     1.102
     8.661    95.208    84.631     1.107
     8.557    94.879    85.063     1.112
     8.454    94.556    85.490     1.116
     8.351    94.237    85.911     1.121
     8.249    93.924    86.327     1.125
     8.146    93.615    86.739     1.130
     8.044    93.311    87.145     1.134
     7.942    93.012    87.545     1.138
     7.841    92.718    87.941     1.142
     7.740    92.429    88.332     1.147
     7.639    92.144    88.718     1.151
     7.539    91.863    89.098     1.155
     7.439    91.587    89.474     1.160
     7.339    91.316    89.845     1.164
     7.241    91.049    90.210     1.169
     7.143    90.786    90.571     1.174
     7.045    90.528    90.927     1.178
     6.948    90.274    91.278     1.183
     6.852    90.024    91.624     1.187
     6.756    89.779    91.966     1.191
     6.661    89.537    92.302     1.196
     6.567    89.299    92.634     1.201
     6.473    89.066    92.961     1.205
     6.380    88.836    93.284     1.210
     6.288    88.611    93.601     1.215
     6.197    88.389    93.915     1.219
     6.106    88.171    94.223     1.224
     6.016    87.956    94.527     1.229
     5.928    87.745    94.827     1.236
     5.839    87.538    95.122     1.241
     5.752    87.335    95.413     1.245
     5.666    87.135    95.700     1.250
     5.580    86.938    95.982     1.254
     5.495    86.745    96.260     1.258
     5.411    86.555    96.534     1.263
     5.328    86.368    96.803     1.268
     5.246    86.185    97.068     1.272
     5.165    86.005    97.330     1.277
     5.085    85.828    97.587     1.281
     5.005    85.655    97.840     1.286
     4.927    85.484    98.089     1.291
     4.849    85.316    98.335     1.296
     4.772    85.151    98.576     1.300
     4.697    84.990    98.814     1.305
     4.622    84.831    99.048     1.310
     4.548    84.675    99.278     1.317
     4.474    84.521    99.504     1.323
     4.402    84.371    99.727     1.327
     4.331    84.223    99.946     1.332
     4.261    84.077   100.162     1.337
     4.191    83.935   100.374     1.341
     4.122    83.795   100.583     1.348
     4.055    83.657   100.788     1.354
     3.988    83.522   100.990     1.359
     3.922    83.390   101.188     1.366
     3.857    83.259   101.384     1.371
     3.793    83.132   101.576     1.376
     3.729    83.006   101.765     1.381
     3.667    82.883   101.950     1.386
     3.605    82.762   102.133     1.393
     3.545    82.643   102.312     1.398
     3.485    82.526   102.489     1.402
     3.426    82.412   102.662     1.408
     3.368    82.299   102.833     1.413
     3.310    82.189   103.000     1.419
     3.254    82.081   103.165     1.424
     3.198    81.974   103.327     1.428
     3.143    81.870   103.486     1.433
     3.089    81.768   103.643     1.440
     3.036    81.667   103.797     1.444
     2.984    81.568   103.948     1.449
     2.932    81.471   104.096     1.453
     2.881    81.376   104.242     1.457
     2.831    81.283   104.386     1.462
     2.782    81.191   104.527     1.467
     2.733    81.101   104.665     1.472
     2.686    81.013   104.801     1.476
     2.638    80.927   104.935     1.481
     2.592    80.842   105.066     1.488
     2.547    80.758   105.195     1.492
     2.502    80.676   105.322     1.496
     2.457    80.596   105.447     1.501
     2.414    80.517   105.569     1.505
     2.371    80.440   105.689     1.512
     2.329    80.364   105.807     1.516
     2.288    80.289   105.923     1.524
     2.247    80.216   106.037     1.530
     2.207    80.144   106.149     1.534
     2.167    80.074   106.259     1.538
     2.129    80.005   106.366     1.543
     2.091    79.937   106.472     1.548
     2.053    79.871   106.576     1.552
     2.016    79.805   106.679     1.557
     1.980    79.741   106.779     1.564
     1.944    79.678   106.877     1.568
     1.909    79.617   106.974     1.572
     1.875    79.556   107.069     1.577
     1.841    79.497   107.163     1.581
     1.807    79.439   107.254     1.586
     1.774    79.381   107.344     1.591
     1.742    79.325   107.432     1.598
     1.711    79.270   107.519     1.603
     1.679    79.216   107.604     1.608
     1.649    79.163   107.688     1.615
     1.619    79.111   107.770     1.620
     1.589    79.061   107.850     1.624
     1.560    79.010   107.930     1.628
     1.531    78.961   108.007     1.633
     1.503    78.913   108.083     1.638
     1.476    78.866   108.158     1.642
     1.449    78.820   108.232     1.647
     1.422    78.774   108.304     1.651
     1.396    78.730   108.374     1.656
     1.370    78.686   108.444     1.661
     1.345    78.643   108.512     1.666
     1.320    78.601   108.579     1.670
     1.296    78.560   108.645     1.674
     1.272    78.519   108.709     1.678
     1.248    78.479   108.772     1.683
     1.225    78.440   108.835     1.687
     1.202    78.402   108.896     1.692
     1.180    78.365   108.955     1.699
     1.158    78.328   109.014     1.704
     1.137    78.292   109.072     1.709
     1.115    78.256   109.128     1.734
     1.095    78.222   109.184     1.739
     1.074    78.187   109.238     1.743
     1.054    78.154   109.292     1.748
     1.035    78.121   109.344     1.751
     1.015    78.089   109.396     1.756
     0.996    78.058   109.446     1.760
     0.978    78.027   109.496     1.764
     0.959    77.996   109.544     1.768
     0.941    77.966   109.592     1.773
     0.924    77.937   109.639     1.777
     0.907    77.909   109.685     1.782
     0.890    77.880   109.730     1.786
     0.873    77.853   109.774     1.791
     0.856    77.826   109.818     1.795
     0.840    77.799   109.860     1.799
     0.825    77.773   109.902     1.803
     0.809    77.748   109.943     1.808
     0.794    77.723   109.984     1.812
     0.779    77.698   110.023     1.816
     0.764    77.674   110.062     1.821
     0.750    77.650   110.100     1.825
     0.736    77.627   110.137     1.829
     0.722    77.605   110.174     1.834
     0.708    77.582   110.210     1.838
     0.695    77.560   110.245     1.842
     0.682    77.539   110.279     1.847
     0.669    77.518   110.313     1.851
     0.656    77.497   110.347     1.855
     0.644    77.477   110.379     1.859
     0.632    77.457   110.411     1.863
     0.620    77.438   110.443     1.867
     0.608    77.419   110.474     1.871
     0.596    77.400   110.504     1.876
     0.585    77.381   110.534     1.880
     0.574    77.363   110.563     1.884
     0.563    77.346   110.591     1.889
     0.552    77.328   110.619     1.893
     0.542    77.311   110.647     1.897
     0.532    77.295   110.674     1.902
     0.522    77.278   110.700     1.906
     0.512    77.262   110.726     1.911
     0.502    77.247   110.752     1.915
     0.492    77.231   110.777     1.919
     0.483    77.216   110.801     1.923
     0.474    77.201   110.825     1.927
     0.465    77.187   110.849     1.931
     0.456    77.172   110.872     1.935
     0.447    77.158   110.894     1.940
     0.439    77.145   110.917     1.944
     0.430    77.131   110.939     1.949
     0.422    77.118   110.960     1.953
     0.414    77.105   110.981     1.958
     0.406    77.092   111.002     1.962
     0.399    77.080   111.022     1.966
     0.391    77.068   111.042     1.970
     0.383    77.056   111.061     1.974
     0.376    77.044   111.080     1.979
     0.369    77.032   111.099     1.983
     0.362    77.021   111.117     1.992
     0.355    77.010   111.135     1.996
     0.348    76.999   111.153     2.001
     0.342    76.988   111.170     2.005
     0.335    76.978   111.187     2.009
     0.329    76.968   111.204     2.014
     0.322    76.957   111.220     2.019
     0.316    76.948   111.236     2.023
     0.310    76.938   111.252     2.027
     0.304    76.928   111.267     2.032
     0.298    76.919   111.283     2.035
     0.293    76.910   111.297     2.039
     0.287    76.901   111.312     2.042
     0.282    76.892   111.326     2.047
     0.276    76.884   111.340     2.051
     0.271    76.875   111.354     2.055
     0.266    76.867   111.367     2.060
     0.261    76.859   111.381     2.064
     0.256    76.851   111.394     2.069
     0.251    76.843   111.406     2.073
     0.246    76.835   111.419     2.078
     0.241    76.828   111.431     2.081
     0.237    76.820   111.443     2.085
     0.232    76.813   111.455     2.090
     0.228    76.806   111.466     2.094
     0.223    76.799   111.478     2.098
     0.219    76.792   111.489     2.101
     0.215    76.786   111.500     2.106
     0.211    76.779   111.510     2.110
     0.207    76.773   111.521     2.114
     0.203    76.766   111.531     2.118
     0.199    76.760   111.541     2.123
     0.195    76.754   111.551     2.127
     0.191    76.748   111.561     2.131
     0.187    76.742   111.570     2.136
     0.184    76.736   111.580     2.141
     0.180    76.731   111.589     2.145
     0.177    76.725   111.598     2.149
     0.173    76.720   111.607     2.153
     0.170    76.715   111.615     2.158
     0.167    76.709   111.624     2.162
     0.164    76.704   111.632     2.166
     0.161    76.699   111.640     2.171
     0.157    76.694   111.648     2.175
     0.154    76.690   111.656     2.180
     0.151    76.685   111.664     2.184
     0.149    76.680   111.671     2.188
     0.146    76.676   111.679     2.193
     0.143    76.671   111.686     2.197
     0.140    76.667   111.693     2.202
     0.137    76.663   111.700     2.206
     0.135    76.659   111.707     2.211
     0.132    76.654   111.713     2.215
     0.130    76.650   111.720     2.220
     0.127    76.646   111.726     2.224
     0.125    76.643   111.733     2.229
     0.122    76.639   111.739     2.233
     0.120    76.635   111.745     2.238
     0.118    76.631   111.751     2.243
     0.115    76.628   111.757     2.247
     0.113    76.624   111.763     2.251
     0.111    76.621   111.768     2.256
     0.109    76.617   111.774     2.260
     0.107    76.614   111.779     2.264
     0.105    76.611   111.784     2.268
     0.103    76.608   111.790     2.273
     0.101    76.604   111.795     2.277
     0.099    76.601   111.800     2.281
     0.097    76.598   111.805     2.286
     0.095    76.595   111.810     2.290
     0.093    76.593   111.814     2.294
     0.091    76.590   111.819     2.299
     0.090    76.587   111.823     2.304
     0.088    76.584   111.828     2.309
     0.086    76.581   111.832     2.314
     0.085    76.579   111.837     2.318
     0.083    76.576   111.841     2.323
     0.081    76.574   111.845     2.328
     0.080    76.571   111.849     2.333
     0.078    76.569   111.853     2.337
     0.077    76.566   111.857     2.342
     0.075    76.564   111.861     2.346
     0.074    76.562   111.864     2.351
     0.072    76.560   111.868     2.356
     0.071    76.557   111.872     2.359
     0.070    76.555   111.875     2.364
     0.068    76.553   111.879     2.368
     0.067    76.551   111.882     2.373
     0.066    76.549   111.885     2.378
     0.064    76.547   111.889     2.382
     0.063    76.545   111.892     2.387
     0.062    76.543   111.895     2.391
     0.061    76.541   111.898     2.395
     0.060    76.539   111.901     2.398
     0.058    76.538   111.904     2.403
     0.057    76.536   111.907     2.407
     0.056    76.534   111.910     2.411
     0.055    76.532   111.913     2.416
     0.054    76.531   111.915     2.420
     0.053    76.529   111.918     2.425
     0.052    76.527   111.921     2.432
     0.051    76.526   111.923     2.437
     0.050    76.524   111.926     2.442
     0.049    76.523   111.928     2.447
     0.048    76.521   111.931     2.452
     0.047    76.520   111.933     2.456
     0.046    76.518   111.935     2.461
     0.045    76.517   111.938     2.465
     0.044    76.515   111.940     2.470
     0.044    76.514   111.942     2.474
     0.043    76.513   111.944     2.478
     0.042    76.512   111.946     2.481
     0.041    76.510   111.949     2.486
     0.040    76.509   111.951     2.490
     0.040    76.508   111.953     2.495
     0.039    76.507   111.955     2.499
     0.038    76.505   111.956     2.503
     0.037    76.504   111.958     2.508
     0.037    76.503   111.960     2.513
     0.036    76.502   111.962     2.518
     0.035    76.501   111.964     2.521
     0.035    76.500   111.966     2.526
     0.034    76.499   111.967     2.530
     0.033    76.498   111.969     2.533
     0.033    76.497   111.971     2.538
     0.032    76.496   111.972     2.542
     0.031    76.495   111.974     2.546
     0.031    76.494   111.975     2.551
     0.030    76.493   111.977     2.556
     0.030    76.492   111.978     2.560
     0.029    76.491   111.980     2.565
     0.028    76.490   111.981     2.570
     0.028    76.489   111.983     2.573
     0.027    76.488   111.984     2.578
     0.027    76.488   111.985     2.583
     0.026    76.487   111.987     2.587
     0.026    76.486   111.988     2.591
     0.025    76.485   111.989     2.595
     0.025    76.484   111.991     2.598
     0.024    76.484   111.992     2.602
     0.024    76.483   111.993     2.607
     0.023    76.482   111.994     2.611
     0.023    76.482   111.995     2.616
     0.022    76.481   111.997     2.620
     0.022    76.480   111.998     2.624
     0.022    76.479   111.999     2.629
     0.021    76.479   112.000     2.633
     0.021    76.478   112.001     2.638
     0.020    76.478   112.002     2.643
     0.020    76.477   112.003     2.648
     0.020    76.476   112.004     2.652
     0.019    76.476   112.005     2.657
     0.019    76.475   112.006     2.661
     0.018    76.475   112.007     2.666
     0.018    76.474   112.008     2.671
     0.018    76.473   112.009     2.675
     0.017    76.473   112.010     2.680
     0.017    76.472   112.010     2.684
     0.017    76.472   112.011     2.689
     0.016    76.471   112.012     2.693
     0.016    76.471   112.013     2.697
     0.016    76.470   112.014     2.702
     0.016    76.470   112.014     2.706
     0.015    76.469   112.015     2.710
     0.015    76.469   112.016     2.714
     0.015    76.468   112.017     2.718
     0.014    76.468   112.017     2.722
     0.014    76.468   112.018     2.726
     0.014    76.467   112.019     2.731
     0.014    76.467   112.020     2.735
     0.013    76.466   112.020     2.740
     0.013    76.466   112.021     2.744
     0.013    76.466   112.022     2.749
     0.013    76.465   112.022     2.754
     0.012    76.465   112.023     2.758
     0.012    76.464   112.023     2.762
     0.012    76.464   112.024     2.767
     0.012    76.464   112.025     2.771
     0.011    76.463   112.025     2.776
     0.011    76.463   112.026     2.780
     0.011    76.463   112.026     2.784
     0.011    76.462   112.027     2.789
     0.010    76.462   112.027     2.794
     0.010    76.462   112.028     2.798
     0.010    76.461   112.028     2.802
     0.010    76.461   112.029     2.806
     0.010    76.461   112.029     2.811
     0.010    76.460   112.030     2.815
     0.009    76.460   112.030     2.819
     0.009    76.460   112.031     2.824
     0.009    76.460   112.031     2.828
     0.009    76.459   112.032     2.833
     0.009    76.459   112.032     2.838
     0.008    76.459   112.033     2.842
     0.008    76.459   112.033     2.846
     0.008    76.458   112.033     2.851
     0.008    76.458   112.034     2.855
     0.008    76.458   112.034     2.859
     0.008    76.458   112.035     2.864
     0.008    76.457   112.035     2.869
     0.007    76.457   112.035     2.876
     0.007    76.457   112.036     2.881
     0.007    76.457   112.036     2.885
     0.007    76.456   112.036     2.890
     0.007    76.456   112.037     2.894
     0.007    76.456   112.037     2.898
     0.007    76.456   112.037     2.903
     0.006    76.456   112.038     2.907
     0.006    76.455   112.038     2.912
     0.006    76.455   112.038     2.916
     0.006    76.455   112.039     2.921
     0.006    76.455   112.039     2.925
     0.006    76.455   112.039     2.930
     0.006    76.455   112.040     2.934
     0.006    76.454   112.040     2.939
     0.006    76.454   112.040     2.943
     0.005    76.454   112.040     2.947
     0.005    76.454   112.041     2.952
     0.005    76.454   112.041     2.955
     0.005    76.453   112.041     2.960
     0.005    76.453   112.042     2.964
     0.005    76.453   112.042     2.968
     0.005    76.453   112.042     2.972
     0.005    76.453   112.042     2.977
     0.005    76.453   112.042     2.981
     0.005    76.453   112.043     2.986
     0.004    76.452   112.043     2.989
     0.004    76.452   112.043     2.994
     0.004    76.452   112.043     2.998
     0.004    76.452   112.044     3.002
     0.004    76.452   112.044     3.007
     0.004    76.452   112.044     3.011
     0.004    76.452   112.044     3.016
     0.004    76.452   112.044     3.020
     0.004    76.451   112.045     3.024
     0.004    76.451   112.045     3.028
     0.004    76.451   112.045     3.033
     0.004    76.451   112.045     3.037
     0.004    76.451   112.045     3.042
     0.003    76.451   112.046     3.046
     0.003    76.451   112.046     3.051
     0.003    76.451   112.046     3.055
     0.003    76.451   112.046     3.059
     0.003    76.450   112.046     3.063
     0.003    76.450   112.046     3.068
     0.003    76.450   112.047     3.072
     0.003    76.450   112.047     3.077
     0.003    76.450   112.047     3.082
     0.003    76.450   112.047     3.086
     0.003    76.450   112.047     3.090
     0.003    76.450   112.047     3.095
     0.003    76.450   112.047     3.099
     0.003    76.450   112.048     3.104
     0.003    76.450   112.048     3.108
     0.003    76.449   112.048     3.113
     0.003    76.449   112.048     3.117
     0.002    76.449   112.048     3.122
     0.002    76.449   112.048     3.127
     0.002    76.449   112.048     3.131
     0.002    76.449   112.048     3.135
     0.002    76.449   112.049     3.140
     0.002    76.449   112.049     3.145
     0.002    76.449   112.049     3.149
     0.002    76.449   112.049     3.154
     0.002    76.449   112.049     3.158
     0.002    76.449   112.049     3.162
     0.002    76.449   112.049     3.166
     0.002    76.449   112.049     3.171
     0.002    76.449   112.049     3.174
     0.002    76.449   112.049     3.178
     0.002    76.448   112.050     3.183
     0.002    76.448   112.050     3.187
     0.002    76.448   112.050     3.191
     0.002    76.448   112.050     3.195
     0.002    76.448   112.050     3.200
     0.002    76.448   112.050     3.204
     0.002    76.448   112.050     3.209
     0.002    76.448   112.050     3.214
     0.002    76.448   112.050     3.217
     0.002    76.448   112.050     3.222
     0.002    76.448   112.050     3.226
     0.002    76.448   112.051     3.231
     0.001    76.448   112.051     3.234
     0.001    76.448   112.051     3.239
     0.001    76.448   112.051     3.244
     0.001    76.448   112.051     3.248
     0.001    76.448   112.051     3.252
     0.001    76.448   112.051     3.258
     0.001    76.448   112.051     3.262
     0.001    76.447   112.051     3.267
     0.001    76.447   112.051     3.271
     0.001    76.447   112.051     3.276
     0.001    76.447   112.051     3.280
     0.001    76.447   112.051     3.285
     0.001    76.447   112.051     3.290
     0.001    76.447   112.051     3.294
     0.001    76.447   112.051     3.298
     0.001    76.447   112.052     3.303
     0.001    76.447   112.052     3.307
     0.001    76.447   112.052     3.311
     0.001    76.447   112.052     3.320
     0.001    76.447   112.052     3.327
     0.001    76.447   112.052     3.332
     0.001    76.447   112.052     3.337
     0.001    76.447   112.052     3.341
     0.001    76.447   112.052     3.346
     0.001    76.447   112.052     3.350
     0.001    76.447   112.052     3.355
     0.001    76.447   112.052     3.359
     0.001    76.447   112.052     3.363
     0.001    76.447   112.052     3.368
     0.001    76.447   112.052     3.373
     0.001    76.447   112.052     3.376
     0.001    76.447   112.052     3.381
     0.001    76.447   112.052     3.385
     0.001    76.447   112.052     3.389
     0.001    76.447   112.052     3.395
     0.001    76.447   112.053     3.399
     0.001    76.447   112.053     3.403
     0.001    76.447   112.053     3.408
     0.001    76.447   112.053     3.412
     0.001    76.447   112.053     3.417
     0.001    76.447   112.053     3.421
     0.001    76.446   112.053     3.426
     0.001    76.446   112.053     3.430
     0.001    76.446   112.053     3.435
     0.001    76.446   112.053     3.439
     0.001    76.446   112.053     3.443
     0.001    76.446   112.053     3.448
     0.001    76.446   112.053     3.453
     0.001    76.446   112.053     3.457
     0.001    76.446   112.053     3.461
     0.001    76.446   112.053     3.466
     0.001    76.446   112.053     3.471
     0.001    76.446   112.053     3.475
     0.001    76.446   112.053     3.480
     0.001    76.446   112.053     3.484
     0.001    76.446   112.053     3.488
     0.001    76.446   112.053     3.493
     0.000    76.446   112.053     3.498
     0.000    76.446   112.053     3.502
     0.000    76.446   112.053     3.506
     0.000    76.446   112.053     3.511
     0.000    76.446   112.053     3.515
     0.000    76.446   112.053     3.520
     0.000    76.446   112.053     3.524
     0.000    76.446   112.053     3.529
     0.000    76.446   112.053     3.532
     0.000    76.446   112.053     3.537
     0.000    76.446   112.053     3.541
     0.000    76.446   112.053     3.546
     0.000    76.446   112.053     3.550
     0.000    76.446   112.053     3.555
     0.000    76.446   112.053     3.559
     0.000    76.446   112.054     3.563
     0.000    76.446   112.054     3.567
     0.000    76.446   112.054     3.572
     0.000    76.446   112.054     3.576
     0.000    76.446   112.054     3.580
     0.000    76.446   112.054     3.585
     0.000    76.446   112.054     3.590
     0.000    76.446   112.054     3.594
     0.000    76.446   112.054     3.599
     0.000    76.446   112.054     3.603
     0.000    76.446   112.054     3.608
     0.000    76.446   112.054     3.612
     0.000    76.446   112.054     3.616
     0.000    76.446   112.054     3.621
     0.000    76.446   112.054     3.628
     0.000    76.446   112.054     3.632
     0.000    76.446   112.054     3.637
     0.000    76.446   112.054     3.641
     0.000    76.446   112.054     3.646
     0.000    76.446   112.054     3.651
     0.000    76.446   112.054     3.655
     0.000    76.446   112.054     3.660
     0.000    76.446   112.054     3.664
     0.000    76.446   112.054     3.669
     0.000    76.446   112.054     3.674
     0.000    76.446   112.054     3.678
     0.000    76.446   112.054     3.683
     0.000    76.446   112.054     3.687
     0.000    76.446   112.054     3.692
     0.000    76.446   112.054     3.697
     0.000    76.446   112.054     3.701
     0.000    76.446   112.054     3.705
     0.000    76.446   112.054     3.709
     0.000    76.446   112.054     3.713
     0.000    76.446   112.054     3.716
     0.000    76.446   112.054     3.721
     0.000    76.446   112.054     3.725
     0.000    76.446   112.054     3.730
     0.000    76.446   112.054     3.734
     0.000    76.446   112.054     3.739
     0.000    76.446   112.054     3.743
     0.000    76.446   112.054     3.748
     0.000    76.446   112.054     3.751
     0.000    76.446   112.054     3.756
     0.000    76.446   112.054     3.760
     0.000    76.446   112.054     3.764
     0.000    76.446   112.054     3.772
     0.000    76.446   112.054     3.777
     0.000    76.446   112.054     3.781
     0.000    76.446   112.054     3.786
     0.000    76.446   112.054     3.790
     0.000    76.446   112.054     3.794
     0.000    76.446   112.054     3.799
     0.000    76.446   112.054     3.804
     0.000    76.446   112.054     3.808
     0.000    76.446   112.054     3.812
     0.000    76.446   112.054     3.817
     0.000    76.446   112.054     3.821
     0.000    76.446   112.054     3.826
     0.000    76.446   112.054     3.830
     0.000    76.446   112.054     3.834
     0.000    76.446   112.054     3.838
     0.000    76.446   112.054     3.843
     0.000    76.446   112.054     3.847
     0.000    76.446   112.054     3.851
     0.000    76.446   112.054     3.854
     0.000    76.446   112.054     3.860
     0.000    76.446   112.054     3.864
     0.000    76.446   112.054     3.869
     0.000    76.446   112.054     3.873
     0.000    76.446   112.054     3.878
     0.000    76.446   112.054     3.882
     0.000    76.446   112.054     3.887
     0.000    76.446   112.054     3.891
     0.000    76.446   112.054     3.895
     0.000    76.446   112.054     3.900
     0.000    76.446   112.054     3.904
     0.000    76.446   112.054     3.909
     0.000    76.446   112.054     3.913
     0.000    76.446   112.054     3.918
     0.000    76.446   112.054     3.922
     0.000    76.446   112.054     3.925
     0.000    76.446   112.054     3.928
     0.000    76.446   112.054     3.934
     0.000    76.446   112.054     3.939
     0.000    76.446   112.054     3.943
     0.000    76.446   112.054     3.948
     0.000    76.446   112.054     3.952
     0.000    76.446   112.054     3.956
     0.000    76.446   112.054     3.960
     0.000    76.446   112.054     3.965
     0.000    76.446   112.054     3.970
     0.000    76.446   112.054     3.974
     0.000    76.446   112.054     3.979
     0.000    76.446   112.054     3.983
     0.000    76.446   112.054     3.987
     0.000    76.446   112.054     3.991
     0.000    76.446   112.054     3.996
     0.000    76.446   112.054     4.000
     0.000    76.446   112.054     4.005
     0.000    76.446   112.054     4.010
     0.000    76.446   112.054     4.014
     0.000    76.446   112.054     4.018
     0.000    76.446   112.054     4.023
     0.000    76.446   112.054     4.027
     0.000    76.446   112.054     4.032
     0.000    76.446   112.054     4.036
     0.000    76.446   112.054     4.041
     0.000    76.446   112.054     4.044
     0.000    76.446   112.054     4.049
     0.000    76.446   112.054     4.053
     0.000    76.446   112.054     4.057
     0.000    76.446   112.054     4.061
     0.000    76.446   112.054     4.066
     0.000    76.446   112.054     4.070
     0.000    76.446   112.054     4.075
     0.000    76.446   112.054     4.079
     0.000    76.446   112.054     4.084
     0.000    76.446   112.054     4.088
     0.000    76.446   112.054     4.093
     0.000    76.446   112.054     4.097
     0.000    76.446   112.054     4.102
     0.000    76.446   112.054     4.106
     0.000    76.446   112.054     4.110
     0.000    76.446   112.054     4.115
     0.000    76.446   112.054     4.119
     0.000    76.446   112.054     4.124
     0.000    76.446   112.054     4.128
     0.000    76.446   112.054     4.132
     0.000    76.446   112.054     4.136
     0.000    76.446   112.054     4.141
     0.000    76.446   112.054     4.145
     0.000    76.446   112.054     4.150
     0.000    76.446   112.054     4.154
     0.000    76.446   112.054     4.158
     0.000    76.446   112.054     4.163
     0.000    76.446   112.054     4.167
     0.000    76.446   112.054     4.172
     0.000    76.446   112.054     4.176
     0.000    76.446   112.054     4.181
     0.000    76.446   112.054     4.185
     0.000    76.446   112.054     4.190
     0.000    76.446   112.054     4.194
     0.000    76.446   112.054     4.198
     0.000    76.446   112.054     4.203
     0.000    76.446   112.054     4.207
     0.000    76.446   112.054     4.302
     0.000    76.446   112.054     4.307
     0.000    76.446   112.054     4.312
     0.000    76.446   112.054     4.317
     0.000    76.446   112.054     4.322
     0.000    76.446   112.054     4.325
     0.000    76.446   112.054     4.330
     0.000    76.446   112.054     4.335
     0.000    76.446   112.054     4.339
     0.000    76.446   112.054     4.343
     0.000    76.446   112.054     4.348
     0.000    76.446   112.054     4.352
     0.000    76.446   112.054     4.357
     0.000    76.446   112.054     4.361
     0.000    76.446   112.054     4.365
     0.000    76.446   112.054     4.370
     0.000    76.446   112.054     4.374
     0.000    76.446   112.054     4.379
     0.000    76.446   112.054     4.384
     0.000    76.446   112.054     4.388
     0.000    76.446   112.054     4.393
     0.000    76.446   112.054     4.397
     0.000    76.446   112.054     4.401
     0.000    76.446   112.054     4.406
     0.000    76.446   112.054     4.410
     0.000    76.446   112.054     4.415
     0.000    76.446   112.054     4.419
     0.000    76.446   112.054     4.423
     0.000    76.446   112.054     4.428
     0.000    76.446   112.054     4.433
     0.000    76.446   112.054     4.437
     0.000    76.446   112.054     4.442
     0.000    76.446   112.054     4.446
     0.000    76.446   112.054     4.451
     0.000    76.446   112.054     4.456
     0.000    76.446   112.054     4.460
     0.000    76.446   112.054     4.464
     0.000    76.446   112.054     4.469
     0.000    76.446   112.054     4.473
     0.000    76.446   112.054     4.477
     0.000    76.446   112.054     4.482
     0.000    76.446   112.054     4.486
     0.000    76.446   112.054     4.491
     0.000    76.446   112.054     4.495
     0.000    76.446   112.054     4.500
     0.000    76.446   112.054     4.505
     0.000    76.446   112.054     4.510
     0.000    76.446   112.054     4.514
     0.000    76.446   112.054     4.519
     0.000    76.446   112.054     4.523
     0.000    76.446   112.054     4.528
     0.000    76.446   112.054     4.532
     0.000    76.446   112.054     4.537
     0.000    76.446   112.054     4.541
     0.000    76.446   112.054     4.546
     0.000    76.446   112.054     4.550
     0.000    76.446   112.054     4.555
     0.000    76.446   112.054     4.560
     0.000    76.446   112.054     4.564
     0.000    76.446   112.054     4.568
     0.000    76.446   112.054     4.572
     0.000    76.446   112.054     4.577
     0.000    76.446   112.054     4.582
     0.000    76.446   112.054     4.587
     0.000    76.446   112.054     4.590
     0.000    76.446   112.054     4.595
     0.000    76.446   112.054     4.599
     0.000    76.446   112.054     4.604
     0.000    76.446   112.054     4.608
     0.000    76.446   112.054     4.612
     0.000    76.446   112.054     4.617
     0.000    76.446   112.054     4.621
     0.000    76.446   112.054     4.625
     0.000    76.446   112.054     4.630
     0.000    76.446   112.054     4.635
     0.000    76.446   112.054     4.639
     0.000    76.446   112.054     4.644
     0.000    76.446   112.054     4.649
     0.000    76.446   112.054     4.654
     0.000    76.446   112.054     4.658
     0.000    76.446   112.054     4.663
     0.000    76.446   112.054     4.668
     0.000    76.446   112.054     4.673
     0.000    76.446   112.054     4.678
     0.000    76.446   112.054     4.683
     0.000    76.446   112.054     4.687
     0.000    76.446   112.054     4.692
     0.000    76.446   112.054     4.696
     0.000    76.446   112.054     4.701
     0.000    76.446   112.054     4.705
     0.000    76.446   112.054     4.709
     0.000    76.446   112.054     4.713
     0.000    76.446   112.054     4.717
     0.000    76.446   112.054     4.722
     0.000    76.446   112.054     4.726
     0.000    76.446   112.054     4.731
     0.000    76.446   112.054     4.736
     0.000    76.446   112.054     4.740
     0.000    76.446   112.054     4.745
     0.000    76.446   112.054     4.750
     0.000    76.446   112.054     4.761
