     1.000   999.000     0.000     0.000
     1.087   998.900     0.013     5.401
     1.182   998.791     0.026     5.442
     1.286   998.673     0.041     5.464
     1.398   998.545     0.057     5.479
     1.520   998.405     0.074     5.492
     1.653   998.254     0.093     5.507
     1.797   998.089     0.114     5.520
     1.954   997.909     0.137     5.533
     2.125   997.714     0.161     5.547
     2.310   997.502     0.188     5.561
     2.512   997.272     0.216     5.574
     2.731   997.021     0.248     5.588
     2.969   996.749     0.282     5.602
     3.228   996.453     0.319     5.615
     3.509   996.131     0.359     5.628
     3.815   995.782     0.403     5.641
     4.147   995.402     0.451     5.654
     4.508   994.989     0.503     5.667
     4.900   994.541     0.559     5.680
     5.326   994.053     0.620     5.694
     5.789   993.524     0.687     5.707
     6.292   992.948     0.759     5.720
     6.838   992.324     0.838     5.734
     7.431   991.645     0.923     5.747
     8.075   990.908     1.016     5.763
     8.775   990.108     1.117     5.777
     9.534   989.239     1.227     5.818
    10.358   988.296     1.346     5.832
    11.252   987.273     1.476     5.845
    12.222   986.162     1.616     5.858
    13.275   984.956     1.769     5.870
    14.416   983.649     1.935     5.883
    15.654   982.231     2.115     5.896
    16.996   980.693     2.311     5.908
    18.450   979.027     2.523     5.920
    20.026   977.220     2.754     5.933
    21.732   975.263     3.004     5.945
    23.580   973.144     3.276     5.958
    25.580   970.849     3.571     5.970
    27.744   968.366     3.890     5.983
    30.084   965.679     4.237     5.995
    32.613   962.774     4.613     6.007
    35.345   959.634     5.021     6.020
    38.295   956.242     5.463     6.033
    41.478   952.580     5.941     6.045
    44.911   948.629     6.460     6.058
    48.610   944.369     7.021     6.070
    52.593   939.778     7.629     6.083
    56.878   934.835     8.286     6.094
    61.484   929.518     8.997     6.106
    66.431   923.803     9.766     6.117
    71.737   917.666    10.596     6.129
    77.424   911.083    11.493     6.141
    83.510   904.029    12.461     6.154
    90.016   896.480    13.505     6.167
    96.960   888.410    14.630     6.180
   104.362   879.796    15.842     6.193
   112.239   870.614    17.146     6.206
   120.608   860.842    18.549     6.217
   129.483   850.460    20.057     6.230
   138.876   839.448    21.676     6.242
   148.798   827.790    23.411     6.254
   159.256   815.473    25.271     6.266
   170.252   802.486    27.262     6.278
   181.786   788.823    29.390     6.290
   193.854   774.484    31.663     6.301
   206.444   759.470    34.086     6.313
   219.543   743.791    36.666     6.325
   233.128   727.462    39.411     6.337
   247.173   710.502    42.325     6.350
   261.645   692.941    45.414     6.362
   276.505   674.810    48.685     6.373
   291.707   656.151    52.141     6.385
   307.201   637.011    55.788     6.397
   322.930   617.442    59.628     6.410
   338.833   597.503    63.664     6.422
   354.843   577.258    67.900     6.433
   370.891   556.774    72.335     6.445
   386.905   536.124    76.971     6.457
   402.811   515.381    81.808     6.469
   418.536   494.621    86.843     6.481
   434.006   473.919    92.074     6.493
   449.150   453.351    97.500     6.505
   463.897   432.989   103.114     6.517
   478.185   412.902   108.913     6.529
   491.952   393.158   114.890     6.541
   505.144   373.816   121.039     6.552
   517.713   354.933   127.354     6.565
   529.617   336.558   133.825     6.577
   540.821   318.733   140.445     6.589
   551.299   301.496   147.206     6.601
   561.029   284.874   154.097     6.613
   569.998   268.892   161.110     6.625
   578.200   253.565   168.235     6.637
   585.634   238.904   175.462     6.649
   592.304   224.913   182.783     6.661
   598.222   211.591   190.186     6.673
   603.402   198.933   197.664     6.686
   607.864   186.930   205.207     6.698
   611.628   175.567   212.805     6.728
   614.721   164.829   220.450     6.743
   617.169   154.696   228.134     6.756
   619.002   145.149   235.849     6.768
   620.249   136.164   243.586     6.781
   620.942   127.719   251.340     6.794
   621.111   119.788   259.101     6.807
   620.787   112.348   266.865     6.820
   620.001   105.373   274.625     6.833
   618.785    98.840   282.375     6.847
   617.166    92.724   290.110     6.860
   615.174    87.002   297.824     6.872
   612.836    81.649   305.514     6.885
   610.180    76.646   313.175     6.898
   607.229    71.969   320.802     6.913
   604.009    67.599   328.392     6.925
   600.542    63.516   335.942     6.938
   596.849    59.701   343.449     6.951
   592.952    56.138   350.910     6.964
   588.869    52.809   358.322     6.977
   584.618    49.700   365.682     6.989
   580.216    46.794   372.990     7.003
   575.678    44.079   380.243     7.016
   571.019    41.541   387.439     7.028
   566.254    39.169   394.577     7.040
   561.394    36.951   401.655     7.053
   556.451    34.877   408.672     7.066
   551.436    32.936   415.628     7.079
   546.359    31.120   422.521     7.092
   541.230    29.420   429.350     7.104
   536.057    27.827   436.116     7.116
   530.848    26.336   442.816     7.129
   525.610    24.938   449.452     7.141
   520.351    23.627   456.022     7.155
   515.076    22.398   462.527     7.167
   509.791    21.244   468.965     7.180
   504.502    20.161   475.337     7.193
   499.213    19.144   481.644     7.205
   493.928    18.188   487.884     7.217
   488.652    17.290   494.058     7.230
   483.389    16.445   500.166     7.242
   478.142    15.650   506.208     7.255
   472.913    14.902   512.185     7.269
   467.706    14.197   518.097     7.280
   462.524    13.533   523.943     7.294
   457.368    12.907   529.724     7.307
   452.242    12.317   535.442     7.319
   447.146    11.760   541.095     7.332
   442.082    11.234   546.684     7.345
   437.053    10.737   552.210     7.357
   432.059    10.268   557.673     7.372
   427.102     9.824   563.074     7.385
   422.183     9.405   568.412     7.398
   417.302     9.008   573.690     7.409
   412.462     8.632   578.906     7.421
   407.662     8.276   584.062     7.433
   402.904     7.938   589.158     7.444
   398.187     7.619   594.194     7.456
   393.513     7.315   599.171     7.467
   388.882     7.027   604.090     7.478
   384.295     6.754   608.951     7.490
   379.751     6.494   613.755     7.501
   375.250     6.248   618.502     7.513
   370.794     6.013   623.192     7.524
   366.382     5.790   627.827     7.536
   362.015     5.578   632.407     7.547
   357.691     5.376   636.932     7.558
   353.412     5.184   641.404     7.569
   349.178     5.001   645.821     7.581
   344.988     4.826   650.186     7.592
   340.842     4.660   654.498     7.603
   336.740     4.501   658.759     7.615
   332.683     4.349   662.968     7.626
   328.669     4.205   667.127     7.637
   324.699     4.066   671.235     7.649
   320.772     3.934   675.294     7.660
   316.889     3.808   679.303     7.671
   313.048     3.688   683.264     7.683
   309.250     3.572   687.177     7.694
   305.495     3.462   691.043     7.705
   301.782     3.356   694.862     7.716
   298.111     3.255   698.634     7.728
   294.482     3.158   702.360     7.739
   290.894     3.065   706.041     7.752
   287.347     2.975   709.678     7.763
   283.841     2.890   713.269     7.775
   280.375     2.808   716.817     7.787
   276.949     2.729   720.322     7.800
   273.562     2.654   723.784     7.812
   270.215     2.581   727.204     7.824
   266.907     2.511   730.581     7.835
   263.638     2.444   733.918     7.847
   260.407     2.380   737.213     7.858
   257.214     2.318   740.468     7.869
   254.058     2.258   743.683     7.880
   250.940     2.201   746.859     7.892
   247.859     2.146   749.996     7.904
   244.813     2.092   753.094     7.916
   241.805     2.041   756.154     7.943
   238.831     1.992   759.177     7.957
   235.894     1.944   762.162     7.980
   232.991     1.898   765.111     7.994
   230.123     1.854   768.023     8.004
   227.289     1.812   770.900     8.017
   224.489     1.770   773.741     8.030
   221.722     1.731   776.547     8.044
   218.989     1.692   779.318     8.056
   216.289     1.655   782.056     8.069
   213.621     1.619   784.759     8.082
   210.985     1.585   787.430     8.094
   208.382     1.551   790.067     8.107
   205.809     1.519   792.672     8.119
   203.268     1.488   795.245     8.132
   200.757     1.458   797.785     8.144
   198.277     1.428   800.295     8.156
   195.827     1.400   802.773     8.167
   193.406     1.373   805.221     8.179
   191.015     1.346   807.639     8.191
   188.653     1.320   810.026     8.202
   186.320     1.295   812.385     8.214
   184.015     1.271   814.714     8.225
   181.738     1.248   817.014     8.236
   179.489     1.225   819.285     8.247
   177.268     1.203   821.529     8.259
   175.073     1.182   823.745     8.270
   172.906     1.161   825.933     8.282
   170.764     1.141   828.095     8.294
   168.649     1.122   830.229     8.306
   166.560     1.103   832.337     8.319
   164.496     1.084   834.419     8.332
   162.458     1.066   836.475     8.344
   160.445     1.049   838.506     8.357
   158.456     1.032   840.512     8.370
   156.492     1.016   842.492     8.383
   154.551     1.000   844.448     8.395
   152.635     0.985   846.380     8.408
   150.742     0.970   848.288     8.421
   148.872     0.955   850.173     8.434
   147.026     0.941   852.034     8.445
   145.202     0.927   853.871     8.458
   143.400     0.913   855.686     8.470
   141.621     0.900   857.479     8.481
   139.863     0.888   859.249     8.494
   138.127     0.875   860.997     8.506
   136.413     0.863   862.724     8.519
   134.719     0.851   864.429     8.531
   133.047     0.840   866.113     8.543
   131.395     0.829   867.776     8.554
   129.763     0.818   869.419     8.567
   128.152     0.807   871.041     8.580
   126.560     0.797   872.643     8.594
   124.988     0.787   874.225     8.606
   123.436     0.777   875.787     8.619
   121.903     0.767   877.330     8.632
   120.388     0.758   878.854     8.644
   118.892     0.749   880.359     8.657
   117.415     0.740   881.845     8.669
   115.956     0.731   883.312     8.682
   114.515     0.723   884.762     8.695
   113.092     0.714   886.193     8.707
   111.686     0.706   887.607     8.720
   110.298     0.699   889.003     8.733
   108.927     0.691   890.382     8.746
   107.573     0.683   891.743     8.758
   106.236     0.676   893.088     8.771
   104.915     0.669   894.416     8.783
   103.611     0.662   895.727     8.796
   102.322     0.655   897.023     8.809
   101.050     0.648   898.302     8.821
    99.794     0.642   899.565     8.834
    98.552     0.635   900.812     8.847
    97.327     0.629   902.044     8.859
    96.116     0.623   903.261     8.870
    94.921     0.617   904.462     8.882
    93.740     0.611   905.649     8.894
    92.574     0.605   906.820     8.907
    91.423     0.600   907.978     8.919
    90.285     0.594   909.120     8.933
    89.162     0.589   910.249     8.946
    88.053     0.584   911.363     8.959
    86.957     0.578   912.464     8.972
    85.875     0.573   913.551     8.985
    84.807     0.568   914.625     8.999
    83.752     0.564   915.685     9.012
    82.709     0.559   916.731     9.024
    81.680     0.554   917.765     9.038
    80.664     0.550   918.786     9.053
    79.660     0.545   919.795     9.065
    78.668     0.541   920.790     9.077
    77.689     0.537   921.774     9.090
    76.722     0.533   922.745     9.103
    75.768     0.529   923.704     9.118
    74.824     0.524   924.651     9.131
    73.893     0.521   925.586     9.144
    72.973     0.517   926.510     9.156
    72.065     0.513   927.422     9.169
    71.168     0.509   928.323     9.184
    70.282     0.506   929.212     9.197
    69.407     0.502   930.091     9.212
    68.543     0.499   930.959     9.225
    67.689     0.495   931.815     9.248
    66.847     0.492   932.662     9.263
    66.014     0.489   933.497     9.275
    65.192     0.485   934.322     9.289
    64.381     0.482   935.137     9.301
    63.579     0.479   935.942     9.314
    62.787     0.476   936.737     9.329
    62.005     0.473   937.522     9.342
    61.233     0.470   938.297     9.355
    60.471     0.467   939.062     9.368
    59.718     0.464   939.818     9.381
    58.974     0.462   940.564     9.393
    58.239     0.459   941.302     9.409
    57.514     0.456   942.030     9.422
    56.798     0.454   942.748     9.437
    56.090     0.451   943.458     9.451
    55.392     0.448   944.160     9.464
    54.702     0.446   944.852     9.477
    54.021     0.444   945.536     9.489
    53.348     0.441   946.211     9.501
    52.683     0.439   946.878     9.515
    52.027     0.436   947.536     9.528
    51.379     0.434   948.187     9.541
    50.739     0.432   948.829     9.553
    50.107     0.430   949.463     9.566
    49.483     0.428   950.089     9.579
    48.866     0.426   950.708     9.592
    48.258     0.423   951.319     9.605
    47.656     0.421   951.922     9.617
    47.063     0.419   952.518     9.630
    46.476     0.417   953.106     9.643
    45.897     0.415   953.687     9.656
    45.326     0.414   954.261     9.669
    44.761     0.412   954.827     9.682
    44.203     0.410   955.387     9.695
    43.652     0.408   955.939     9.707
    43.109     0.406   956.485     9.719
    42.571     0.405   957.024     9.731
    42.041     0.403   957.556     9.745
    41.517     0.401   958.082     9.756
    41.000     0.399   958.601     9.769
    40.489     0.398   959.113     9.782
    39.985     0.396   959.619     9.793
    39.486     0.395   960.119     9.804
    38.994     0.393   960.613     9.815
    38.508     0.392   961.100     9.826
    38.029     0.390   961.581     9.837
    37.555     0.389   962.057     9.848
    37.087     0.387   962.526     9.858
    36.625     0.386   962.990     9.870
    36.168     0.384   963.448     9.883
    35.717     0.383   963.900     9.896
    35.272     0.381   964.346     9.908
    34.833     0.380   964.787     9.921
    34.399     0.379   965.222     9.934
    33.970     0.377   965.652     9.948
    33.547     0.376   966.077     9.961
    33.129     0.375   966.496     9.972
    32.716     0.374   966.910     9.985
    32.308     0.372   967.319     9.996
    31.905     0.371   967.723    10.007
    31.508     0.370   968.122    10.019
    31.115     0.369   968.516    10.032
    30.727     0.368   968.905    10.046
    30.344     0.367   969.289    10.059
    29.966     0.366   969.668    10.071
    29.593     0.364   970.043    10.095
    29.224     0.363   970.413    10.110
    28.860     0.362   970.778    10.122
    28.500     0.361   971.139    10.135
    28.145     0.360   971.495    10.146
    27.794     0.359   971.847    10.159
    27.447     0.358   972.194    10.173
    27.105     0.357   972.537    10.186
    26.767     0.356   972.876    10.199
    26.434     0.355   973.211    10.209
    26.104     0.354   973.541    10.221
    25.779     0.353   973.867    10.233
    25.458     0.353   974.190    10.243
    25.140     0.352   974.508    10.253
    24.827     0.351   974.822    10.264
    24.518     0.350   975.133    10.276
    24.212     0.349   975.439    10.287
    23.910     0.348   975.742    10.298
    23.612     0.347   976.041    10.309
    23.318     0.347   976.336    10.320
    23.027     0.346   976.627    10.334
    22.740     0.345   976.915    10.351
    22.457     0.344   977.199    10.370
    22.177     0.343   977.480    10.389
    21.900     0.343   977.757    10.408
    21.627     0.342   978.031    10.427
    21.358     0.341   978.301    10.444
    21.091     0.340   978.568    10.463
    20.828     0.340   978.832    10.483
    20.569     0.339   979.092    10.497
    20.312     0.338   979.349    10.510
    20.059     0.338   979.603    10.522
    19.809     0.337   979.854    10.534
    19.562     0.336   980.102    10.546
    19.318     0.336   980.346    10.571
    19.077     0.335   980.588    10.583
    18.840     0.334   980.826    10.595
    18.605     0.334   981.062    10.605
    18.373     0.333   981.294    10.619
    18.144     0.332   981.524    10.629
    17.918     0.332   981.751    10.640
    17.694     0.331   981.975    10.651
    17.474     0.331   982.196    10.662
    17.256     0.330   982.414    10.673
    17.041     0.329   982.630    10.684
    16.828     0.329   982.843    10.695
    16.618     0.328   983.053    10.705
    16.411     0.328   983.261    10.717
    16.207     0.327   983.466    10.729
    16.005     0.327   983.669    10.741
    15.805     0.326   983.869    10.753
    15.608     0.326   984.066    10.765
    15.413     0.325   984.261    10.777
    15.221     0.325   984.454    10.789
    15.031     0.324   984.644    10.807
    14.844     0.324   984.832    10.823
    14.659     0.323   985.018    10.840
    14.476     0.323   985.201    10.857
    14.296     0.322   985.382    10.870
    14.117     0.322   985.561    10.882
    13.941     0.321   985.737    10.893
    13.768     0.321   985.911    10.904
    13.596     0.321   986.084    10.915
    13.426     0.320   986.253    10.926
    13.259     0.320   986.421    10.937
    13.094     0.319   986.587    10.948
    12.930     0.319   986.751    10.959
    12.769     0.318   986.912    10.970
    12.610     0.318   987.072    10.980
    12.453     0.318   987.230    10.991
    12.298     0.317   987.385    11.002
    12.144     0.317   987.539    11.013
    11.993     0.316   987.691    11.024
    11.843     0.316   987.841    11.035
    11.696     0.316   987.989    11.046
    11.550     0.315   988.135    11.057
    11.406     0.315   988.279    11.066
    11.264     0.315   988.422    11.077
    11.123     0.314   988.563    11.088
    10.984     0.314   988.702    11.101
    10.847     0.314   988.839    11.112
    10.712     0.313   988.975    11.123
    10.579     0.313   989.109    11.134
    10.447     0.313   989.241    11.145
    10.317     0.312   989.371    11.156
    10.188     0.312   989.500    11.166
    10.061     0.312   989.628    11.177
     9.935     0.311   989.753    11.189
     9.812     0.311   989.878    11.201
     9.689     0.311   990.000    11.212
     9.568     0.310   990.121    11.224
     9.449     0.310   990.241    11.236
     9.331     0.310   990.359    11.248
     9.215     0.309   990.476    11.260
     9.100     0.309   990.591    11.272
     8.987     0.309   990.705    11.284
     8.874     0.309   990.817    11.296
     8.764     0.308   990.928    11.308
     8.655     0.308   991.037    11.320
     8.547     0.308   991.146    11.332
     8.440     0.308   991.252    11.344
     8.335     0.307   991.358    11.356
     8.231     0.307   991.462    11.368
     8.128     0.307   991.565    11.380
     8.027     0.306   991.667    11.392
     7.927     0.306   991.767    11.404
     7.828     0.306   991.866    11.416
     7.730     0.306   991.964    11.427
     7.634     0.306   992.060    11.439
     7.539     0.305   992.156    11.452
     7.445     0.305   992.250    11.463
     7.352     0.305   992.343    11.475
     7.260     0.305   992.435    11.487
     7.170     0.304   992.526    11.500
     7.080     0.304   992.615    11.512
     6.992     0.304   992.704    11.524
     6.905     0.304   992.791    11.536
     6.819     0.304   992.878    11.547
     6.734     0.303   992.963    11.559
     6.650     0.303   993.047    11.571
     6.567     0.303   993.130    11.583
     6.485     0.303   993.212    11.595
     6.404     0.303   993.293    11.607
     6.324     0.302   993.373    11.619
     6.245     0.302   993.452    11.631
     6.167     0.302   993.531    11.643
     6.091     0.302   993.608    11.655
     6.015     0.302   993.684    11.667
     5.940     0.301   993.759    11.679
     5.866     0.301   993.833    11.691
     5.792     0.301   993.906    11.703
     5.720     0.301   993.979    11.715
     5.649     0.301   994.050    11.727
     5.578     0.301   994.121    11.739
     5.509     0.300   994.191    11.759
