     1.000   125.000     0.000     0.000
     1.000   124.994     0.006     0.056
     1.000   124.988     0.013     0.075
     1.000   124.981     0.019     0.094
     1.000   124.975     0.025     0.109
     1.000   124.969     0.031     0.127
     1.000   124.963     0.037     0.143
     1.000   124.956     0.044     0.160
     1.000   124.950     0.050     0.175
     1.000   124.944     0.056     0.192
     1.000   124.938     0.062     0.207
     1.000   124.931     0.069     0.222
     1.000   124.925     0.075     0.237
     1.000   124.919     0.081     0.253
     1.000   124.913     0.087     0.268
     1.000   124.906     0.094     0.283
     1.000   124.900     0.100     0.298
     1.000   124.894     0.106     0.315
     1.000   124.888     0.112     0.330
     1.000   124.881     0.119     0.344
     1.000   124.875     0.125     0.358
     1.000   124.869     0.131     0.375
     1.000   124.863     0.137     0.390
     1.000   124.856     0.144     0.405
     1.000   124.850     0.150     0.421
     1.000   124.844     0.156     0.437
     1.000   124.838     0.162     0.451
     1.000   124.831     0.169     0.468
     1.000   124.825     0.175     0.483
     1.000   124.819     0.181     0.498
     1.000   124.813     0.187     0.513
     1.000   124.806     0.194     0.528
     1.000   124.800     0.200     0.543
     1.000   124.794     0.206     0.559
     1.000   124.788     0.212     0.575
     1.000   124.781     0.219     0.589
     1.000   124.775     0.225     0.604
     1.000   124.769     0.231     0.616
     1.000   124.763     0.237     0.627
     1.000   124.756     0.244     0.639
     1.000   124.750     0.250     0.652
     1.000   124.744     0.256     0.669
     1.000   124.738     0.262     0.684
     1.000   124.732     0.269     0.699
     1.000   124.725     0.275     0.715
     1.000   124.719     0.281     0.730
     1.000   124.713     0.287     0.745
     1.000   124.707     0.294     0.760
     1.000   124.700     0.300     0.776
     1.000   124.694     0.306     0.791
     1.000   124.688     0.312     0.806
     1.000   124.682     0.319     0.820
     1.000   124.675     0.325     0.834
     1.000   124.669     0.331     0.849
     1.000   124.663     0.337     0.864
     1.000   124.657     0.344     0.880
     1.000   124.651     0.350     0.895
     1.000   124.644     0.356     0.908
     0.999   124.638     0.362     0.923
     0.999   124.632     0.369     0.938
     0.999   124.626     0.375     0.954
     0.999   124.619     0.381     0.970
     0.999   124.613     0.387     0.984
     0.999   124.607     0.394     0.998
     0.999   124.601     0.400     1.014
     0.999   124.594     0.406     1.030
     0.999   124.588     0.412     1.042
     0.999   124.582     0.419     1.052
     0.999   124.576     0.425     1.064
     0.999   124.570     0.431     1.075
     0.999   124.563     0.437     1.088
     0.999   124.557     0.444     1.098
     0.999   124.551     0.450     1.126
     0.999   124.545     0.456     1.138
     0.999   124.538     0.462     1.152
     0.999   124.532     0.469     1.163
     0.999   124.526     0.475     1.176
     0.999   124.520     0.481     1.189
     0.999   124.514     0.487     1.199
     0.999   124.507     0.494     1.213
     0.999   124.501     0.500     1.223
     0.999   124.495     0.506     1.237
     0.999   124.489     0.512     1.254
     0.999   124.482     0.519     1.269
     0.999   124.476     0.525     1.284
     0.999   124.470     0.531     1.299
     0.999   124.464     0.537     1.316
     0.999   124.458     0.544     1.331
     0.999   124.451     0.550     1.344
     0.999   124.445     0.556     1.360
     0.999   124.439     0.562     1.375
     0.999   124.433     0.569     1.391
     0.999   124.427     0.575     1.405
     0.999   124.420     0.581     1.421
     0.999   124.414     0.587     1.435
     0.999   124.408     0.593     1.449
     0.999   124.402     0.600     1.463
     0.999   124.395     0.606     1.477
     0.999   124.389     0.612     1.491
     0.998   124.383     0.618     1.505
     0.998   124.377     0.625     1.534
     0.998   124.371     0.631     1.550
     0.998   124.364     0.637     1.565
     0.998   124.358     0.643     1.581
     0.998   124.352     0.650     1.594
     0.998   124.346     0.656     1.605
     0.998   124.340     0.662     1.616
     0.998   124.333     0.668     1.630
     0.998   124.327     0.675     1.645
     0.998   124.321     0.681     1.660
     0.998   124.315     0.687     1.676
     0.998   124.309     0.693     1.691
     0.998   124.302     0.700     1.706
     0.998   124.296     0.706     1.721
     0.998   124.290     0.712     1.736
     0.998   124.284     0.718     1.751
     0.998   124.278     0.725     1.766
     0.998   124.271     0.731     1.779
     0.998   124.265     0.737     1.792
     0.998   124.259     0.743     1.804
     0.998   124.253     0.749     1.816
     0.998   124.247     0.756     1.827
     0.998   124.240     0.762     1.840
     0.998   124.234     0.768     1.850
     0.998   124.228     0.774     1.862
     0.998   124.222     0.781     1.874
     0.998   124.216     0.787     1.887
     0.998   124.209     0.793     1.899
     0.997   124.203     0.799     1.910
     0.997   124.197     0.806     1.922
     0.997   124.191     0.812     1.934
     0.997   124.185     0.818     1.946
     0.997   124.178     0.824     1.958
     0.997   124.172     0.831     1.970
     0.997   124.166     0.837     1.982
     0.997   124.160     0.843     1.994
     0.997   124.154     0.849     2.006
     0.997   124.147     0.855     2.018
     0.997   124.141     0.862     2.030
     0.997   124.135     0.868     2.041
     0.997   124.129     0.874     2.054
     0.997   124.123     0.880     2.065
     0.997   124.117     0.887     2.077
     0.997   124.110     0.893     2.088
     0.997   124.104     0.899     2.100
     0.997   124.098     0.905     2.112
     0.997   124.092     0.912     2.124
     0.997   124.086     0.918     2.136
     0.997   124.079     0.924     2.148
     0.997   124.073     0.930     2.160
     0.997   124.067     0.936     2.171
     0.996   124.061     0.943     2.183
     0.996   124.055     0.949     2.195
     0.996   124.049     0.955     2.207
     0.996   124.042     0.961     2.219
     0.996   124.036     0.968     2.231
     0.996   124.030     0.974     2.242
     0.996   124.024     0.980     2.254
     0.996   124.018     0.986     2.266
     0.996   124.011     0.992     2.278
     0.996   124.005     0.999     2.290
     0.996   123.999     1.005     2.302
     0.996   123.993     1.011     2.313
     0.996   123.987     1.017     2.325
     0.996   123.981     1.024     2.337
     0.996   123.974     1.030     2.349
     0.996   123.968     1.036     2.361
     0.996   123.962     1.042     2.371
     0.996   123.956     1.048     2.383
     0.996   123.950     1.055     2.393
     0.996   123.944     1.061     2.405
     0.995   123.937     1.067     2.416
     0.995   123.931     1.073     2.428
     0.995   123.925     1.080     2.439
     0.995   123.919     1.086     2.451
     0.995   123.913     1.092     2.463
     0.995   123.907     1.098     2.475
     0.995   123.900     1.104     2.487
     0.995   123.894     1.111     2.499
     0.995   123.888     1.117     2.510
     0.995   123.882     1.123     2.521
     0.995   123.876     1.129     2.533
     0.995   123.870     1.136     2.545
     0.995   123.863     1.142     2.555
     0.995   123.857     1.148     2.568
     0.995   123.851     1.154     2.578
     0.995   123.845     1.160     2.590
     0.995   123.839     1.167     2.602
     0.995   123.833     1.173     2.614
     0.994   123.826     1.179     2.625
     0.994   123.820     1.185     2.637
     0.994   123.814     1.192     2.649
     0.994   123.808     1.198     2.661
     0.994   123.802     1.204     2.672
     0.994   123.796     1.210     2.684
     0.994   123.789     1.216     2.696
     0.994   123.783     1.223     2.708
     0.994   123.777     1.229     2.718
     0.994   123.771     1.235     2.731
     0.994   123.765     1.241     2.742
     0.994   123.759     1.247     2.765
     0.994   123.753     1.254     2.776
     0.994   123.746     1.260     2.788
     0.994   123.740     1.266     2.800
     0.994   123.734     1.272     2.811
     0.994   123.728     1.279     2.823
     0.993   123.722     1.285     2.835
     0.993   123.716     1.291     2.847
     0.993   123.710     1.297     2.858
     0.993   123.703     1.303     2.870
     0.993   123.697     1.310     2.881
     0.993   123.691     1.316     2.893
     0.993   123.685     1.322     2.904
     0.993   123.679     1.328     2.916
     0.993   123.673     1.334     2.927
     0.993   123.667     1.341     2.939
     0.993   123.660     1.347     2.950
     0.993   123.654     1.353     2.960
     0.993   123.648     1.359     2.972
     0.993   123.642     1.365     2.983
     0.993   123.636     1.372     2.995
     0.992   123.630     1.378     3.006
     0.992   123.624     1.384     3.018
     0.992   123.617     1.390     3.030
     0.992   123.611     1.396     3.043
     0.992   123.605     1.403     3.054
     0.992   123.599     1.409     3.066
     0.992   123.593     1.415     3.078
     0.992   123.587     1.421     3.089
     0.992   123.581     1.427     3.101
     0.992   123.575     1.434     3.113
     0.992   123.568     1.440     3.124
     0.992   123.562     1.446     3.136
     0.992   123.556     1.452     3.147
     0.992   123.550     1.458     3.159
     0.991   123.544     1.465     3.170
     0.991   123.538     1.471     3.182
     0.991   123.532     1.477     3.192
     0.991   123.526     1.483     3.204
     0.991   123.519     1.489     3.216
     0.991   123.513     1.496     3.228
     0.991   123.507     1.502     3.240
     0.991   123.501     1.508     3.252
     0.991   123.495     1.514     3.263
     0.991   123.489     1.520     3.275
     0.991   123.483     1.527     3.347
     0.991   123.477     1.533     3.361
     0.991   123.470     1.539     3.372
     0.991   123.464     1.545     3.385
     0.990   123.458     1.551     3.396
     0.990   123.452     1.558     3.408
     0.990   123.446     1.564     3.419
     0.990   123.440     1.570     3.431
     0.990   123.434     1.576     3.445
     0.990   123.428     1.582     3.456
     0.990   123.422     1.588     3.468
     0.990   123.415     1.595     3.480
     0.990   123.409     1.601     3.491
     0.990   123.403     1.607     3.504
     0.990   123.397     1.613     3.514
     0.990   123.391     1.619     3.526
     0.990   123.385     1.626     3.540
     0.989   123.379     1.632     3.552
     0.989   123.373     1.638     3.564
     0.989   123.367     1.644     3.575
     0.989   123.361     1.650     3.588
     0.989   123.354     1.656     3.600
     0.989   123.348     1.663     3.611
     0.989   123.342     1.669     3.623
     0.989   123.336     1.675     3.634
     0.989   123.330     1.681     3.647
     0.989   123.324     1.687     3.660
     0.989   123.318     1.694     3.671
     0.989   123.312     1.700     3.683
     0.988   123.306     1.706     3.695
     0.988   123.300     1.712     3.707
     0.988   123.293     1.718     3.719
     0.988   123.287     1.724     3.729
     0.988   123.281     1.731     3.741
     0.988   123.275     1.737     3.752
     0.988   123.269     1.743     3.765
     0.988   123.263     1.749     3.776
     0.988   123.257     1.755     3.788
     0.988   123.251     1.762     3.801
     0.988   123.245     1.768     3.813
     0.988   123.239     1.774     3.825
     0.987   123.233     1.780     3.836
     0.987   123.226     1.786     3.848
     0.987   123.220     1.792     3.859
     0.987   123.214     1.799     3.871
     0.987   123.208     1.805     3.883
     0.987   123.202     1.811     3.894
     0.987   123.196     1.817     3.906
     0.987   123.190     1.823     3.917
     0.987   123.184     1.829     3.929
     0.987   123.178     1.836     3.941
     0.987   123.172     1.842     3.953
     0.986   123.166     1.848     3.964
     0.986   123.160     1.854     3.976
     0.986   123.154     1.860     3.988
     0.986   123.147     1.866     4.009
     0.986   123.141     1.873     4.022
     0.986   123.135     1.879     4.033
     0.986   123.129     1.885     4.046
     0.986   123.123     1.891     4.058
     0.986   123.117     1.897     4.070
     0.986   123.111     1.903     4.081
     0.986   123.105     1.910     4.093
     0.985   123.099     1.916     4.105
     0.985   123.093     1.922     4.116
     0.985   123.087     1.928     4.127
     0.985   123.081     1.934     4.139
     0.985   123.075     1.940     4.151
     0.985   123.069     1.946     4.163
     0.985   123.063     1.953     4.173
     0.985   123.056     1.959     4.185
     0.985   123.050     1.965     4.197
     0.985   123.044     1.971     4.209
     0.984   123.038     1.977     4.221
     0.984   123.032     1.983     4.234
     0.984   123.026     1.990     4.245
     0.984   123.020     1.996     4.257
     0.984   123.014     2.002     4.269
     0.984   123.008     2.008     4.281
     0.984   123.002     2.014     4.294
     0.984   122.996     2.020     4.305
     0.984   122.990     2.026     4.317
     0.984   122.984     2.033     4.329
     0.984   122.978     2.039     4.341
     0.983   122.972     2.045     4.353
     0.983   122.966     2.051     4.364
     0.983   122.960     2.057     4.376
     0.983   122.954     2.063     4.388
     0.983   122.948     2.069     4.399
     0.983   122.941     2.076     4.411
     0.983   122.935     2.082     4.423
     0.983   122.929     2.088     4.434
     0.983   122.923     2.094     4.446
     0.983   122.917     2.100     4.458
     0.982   122.911     2.106     4.469
     0.982   122.905     2.112     4.481
     0.982   122.899     2.119     4.492
     0.982   122.893     2.125     4.504
     0.982   122.887     2.131     4.515
     0.982   122.881     2.137     4.528
     0.982   122.875     2.143     4.538
     0.982   122.869     2.149     4.550
     0.982   122.863     2.155     4.562
     0.981   122.857     2.162     4.574
     0.981   122.851     2.168     4.588
     0.981   122.845     2.174     4.599
     0.981   122.839     2.180     4.611
     0.981   122.833     2.186     4.623
     0.981   122.827     2.192     4.634
     0.981   122.821     2.198     4.646
     0.981   122.815     2.204     4.657
     0.981   122.809     2.211     4.669
     0.981   122.803     2.217     4.681
     0.980   122.797     2.223     4.693
     0.980   122.791     2.229     4.705
     0.980   122.785     2.235     4.718
     0.980   122.779     2.241     4.728
     0.980   122.773     2.247     4.740
     0.980   122.767     2.254     4.752
     0.980   122.761     2.260     4.762
     0.980   122.755     2.266     4.775
     0.980   122.749     2.272     4.785
     0.979   122.743     2.278     4.798
     0.979   122.737     2.284     4.809
     0.979   122.731     2.290     4.821
     0.979   122.725     2.296     4.835
     0.979   122.719     2.302     4.847
     0.979   122.713     2.309     4.861
     0.979   122.707     2.315     4.872
     0.979   122.701     2.321     4.886
     0.979   122.695     2.327     4.897
     0.978   122.689     2.333     4.908
     0.978   122.683     2.339     4.920
     0.978   122.677     2.345     4.932
     0.978   122.671     2.351     4.943
     0.978   122.665     2.358     4.955
     0.978   122.659     2.364     4.967
     0.978   122.653     2.370     4.978
     0.978   122.647     2.376     4.991
     0.978   122.641     2.382     5.002
     0.977   122.635     2.388     5.013
     0.977   122.629     2.394     5.026
     0.977   122.623     2.400     5.037
     0.977   122.617     2.406     5.050
     0.977   122.611     2.413     5.063
     0.977   122.605     2.419     5.076
     0.977   122.599     2.425     5.089
     0.977   122.593     2.431     5.100
     0.976   122.587     2.437     5.112
     0.976   122.581     2.443     5.125
     0.976   122.575     2.449     5.136
     0.976   122.569     2.455     5.149
     0.976   122.563     2.461     5.162
     0.976   122.557     2.467     5.174
     0.976   122.551     2.474     5.185
     0.976   122.545     2.480     5.204
     0.976   122.539     2.486     5.216
     0.975   122.533     2.492     5.228
     0.975   122.527     2.498     5.239
     0.975   122.521     2.504     5.251
     0.975   122.515     2.510     5.263
     0.975   122.509     2.516     5.279
     0.975   122.503     2.522     5.295
     0.975   122.497     2.528     5.312
     0.975   122.491     2.534     5.329
     0.974   122.485     2.541     5.344
     0.974   122.479     2.547     5.359
     0.974   122.473     2.553     5.372
     0.974   122.467     2.559     5.387
     0.974   122.461     2.565     5.403
     0.974   122.455     2.571     5.418
     0.974   122.449     2.577     5.434
     0.974   122.443     2.583     5.449
     0.973   122.437     2.589     5.464
     0.973   122.431     2.595     5.484
     0.973   122.425     2.601     5.497
     0.973   122.419     2.608     5.511
     0.973   122.413     2.614     5.524
     0.973   122.408     2.620     5.535
     0.973   122.402     2.626     5.546
     0.973   122.396     2.632     5.560
     0.972   122.390     2.638     5.573
     0.972   122.384     2.644     5.587
     0.972   122.378     2.650     5.598
     0.972   122.372     2.656     5.609
     0.972   122.366     2.662     5.620
     0.972   122.360     2.668     5.631
     0.972   122.354     2.674     5.642
     0.972   122.348     2.680     5.654
     0.971   122.342     2.687     5.667
     0.971   122.336     2.693     5.678
     0.971   122.330     2.699     5.692
     0.971   122.324     2.705     5.705
     0.971   122.318     2.711     5.719
     0.971   122.312     2.717     5.729
     0.971   122.306     2.723     5.743
     0.970   122.301     2.729     5.757
     0.970   122.295     2.735     5.768
     0.970   122.289     2.741     5.779
     0.970   122.283     2.747     5.793
     0.970   122.277     2.753     5.804
     0.970   122.271     2.759     5.815
     0.970   122.265     2.765     5.829
     0.970   122.259     2.771     5.841
     0.969   122.253     2.778     5.855
     0.969   122.247     2.784     5.866
     0.969   122.241     2.790     5.876
     0.969   122.235     2.796     5.888
     0.969   122.229     2.802     5.899
     0.969   122.223     2.808     5.912
     0.969   122.218     2.814     5.924
     0.968   122.212     2.820     5.936
     0.968   122.206     2.826     5.948
     0.968   122.200     2.832     5.960
     0.968   122.194     2.838     5.972
     0.968   122.188     2.844     5.984
     0.968   122.182     2.850     5.996
     0.968   122.176     2.856     6.008
     0.968   122.170     2.862     6.020
     0.967   122.164     2.868     6.031
     0.967   122.158     2.874     6.043
     0.967   122.152     2.880     6.055
     0.967   122.147     2.886     6.067
     0.967   122.141     2.892     6.079
     0.967   122.135     2.899     6.091
     0.967   122.129     2.905     6.105
     0.966   122.123     2.911     6.117
     0.966   122.117     2.917     6.129
     0.966   122.111     2.923     6.141
     0.966   122.105     2.929     6.153
     0.966   122.099     2.935     6.165
     0.966   122.093     2.941     6.177
     0.966   122.088     2.947     6.189
     0.965   122.082     2.953     6.203
     0.965   122.076     2.959     6.215
     0.965   122.070     2.965     6.227
     0.965   122.064     2.971     6.239
     0.965   122.058     2.977     6.250
     0.965   122.052     2.983     6.263
     0.965   122.046     2.989     6.275
     0.964   122.040     2.995     6.287
     0.964   122.035     3.001     6.299
     0.964   122.029     3.007     6.310
     0.964   122.023     3.013     6.322
     0.964   122.017     3.019     6.334
     0.964   122.011     3.025     6.346
     0.964   122.005     3.031     6.358
     0.963   121.999     3.037     6.370
     0.963   121.993     3.043     6.382
     0.963   121.988     3.049     6.394
     0.963   121.982     3.055     6.406
     0.963   121.976     3.061     6.418
     0.963   121.970     3.067     6.431
     0.963   121.964     3.073     6.443
     0.962   121.958     3.079     6.455
     0.962   121.952     3.085     6.479
     0.962   121.946     3.091     6.492
     0.962   121.941     3.097     6.503
     0.962   121.935     3.103     6.513
     0.962   121.929     3.109     6.525
     0.962   121.923     3.115     6.535
     0.961   121.917     3.121     6.547
     0.961   121.911     3.127     6.559
     0.961   121.905     3.134     6.571
     0.961   121.900     3.140     6.583
     0.961   121.894     3.146     6.595
     0.961   121.888     3.152     6.607
     0.961   121.882     3.158     6.619
     0.960   121.876     3.164     6.630
     0.960   121.870     3.170     6.642
     0.960   121.864     3.176     6.655
     0.960   121.859     3.182     6.667
     0.960   121.853     3.188     6.680
     0.960   121.847     3.194     6.692
     0.959   121.841     3.200     6.703
     0.959   121.835     3.206     6.715
     0.959   121.829     3.212     6.727
     0.959   121.823     3.218     6.739
     0.959   121.818     3.224     6.751
     0.959   121.812     3.230     6.763
     0.959   121.806     3.235     6.774
     0.958   121.800     3.241     6.786
     0.958   121.794     3.247     6.798
     0.958   121.788     3.253     6.810
     0.958   121.783     3.259     6.822
     0.958   121.777     3.265     6.834
     0.958   121.771     3.271     6.845
     0.957   121.765     3.277     6.857
     0.957   121.759     3.283     6.869
     0.957   121.753     3.289     6.881
     0.957   121.748     3.295     6.894
     0.957   121.742     3.301     6.907
     0.957   121.736     3.307     6.917
     0.957   121.730     3.313     6.929
     0.956   121.724     3.319     6.941
     0.956   121.719     3.325     6.952
     0.956   121.713     3.331     6.963
     0.956   121.707     3.337     6.975
     0.956   121.701     3.343     6.987
     0.956   121.695     3.349     6.999
     0.955   121.689     3.355     7.010
     0.955   121.684     3.361     7.022
     0.955   121.678     3.367     7.033
     0.955   121.672     3.373     7.044
     0.955   121.666     3.379     7.056
     0.955   121.660     3.385     7.068
     0.955   121.655     3.391     7.080
     0.954   121.649     3.397     7.091
     0.954   121.643     3.403     7.103
     0.954   121.637     3.409     7.115
     0.954   121.631     3.415     7.126
     0.954   121.626     3.421     7.138
     0.954   121.620     3.427     7.150
     0.953   121.614     3.433     7.162
     0.953   121.608     3.439     7.174
     0.953   121.602     3.445     7.186
     0.953   121.597     3.451     7.198
     0.953   121.591     3.457     7.210
     0.953   121.585     3.462     7.222
     0.952   121.579     3.468     7.234
     0.952   121.573     3.474     7.247
     0.952   121.568     3.480     7.259
     0.952   121.562     3.486     7.270
     0.952   121.556     3.492     7.282
     0.952   121.550     3.498     7.295
     0.951   121.544     3.504     7.307
     0.951   121.539     3.510     7.319
     0.951   121.533     3.516     7.331
     0.951   121.527     3.522     7.344
     0.951   121.521     3.528     7.356
     0.951   121.516     3.534     7.368
     0.950   121.510     3.540     7.380
     0.950   121.504     3.546     7.392
     0.950   121.498     3.552     7.404
     0.950   121.492     3.558     7.416
     0.950   121.487     3.564     7.430
     0.950   121.481     3.569     7.441
     0.949   121.475     3.575     7.452
     0.949   121.469     3.581     7.464
     0.949   121.464     3.587     7.475
     0.949   121.458     3.593     7.487
     0.949   121.452     3.599     7.498
     0.949   121.446     3.605     7.525
     0.948   121.441     3.611     7.536
     0.948   121.435     3.617     7.547
     0.948   121.429     3.623     7.559
     0.948   121.423     3.629     7.570
     0.948   121.418     3.635     7.582
     0.948   121.412     3.641     7.594
     0.947   121.406     3.647     7.606
     0.947   121.400     3.652     7.619
     0.947   121.395     3.658     7.630
     0.947   121.389     3.664     7.642
     0.947   121.383     3.670     7.654
     0.947   121.377     3.676     7.665
     0.946   121.372     3.682     7.692
     0.946   121.366     3.688     7.704
     0.946   121.360     3.694     7.718
     0.946   121.354     3.700     7.729
     0.946   121.349     3.706     7.740
     0.946   121.343     3.712     7.752
     0.945   121.337     3.718     7.763
     0.945   121.331     3.723     7.774
     0.945   121.326     3.729     7.786
     0.945   121.320     3.735     7.797
     0.945   121.314     3.741     7.808
     0.944   121.308     3.747     7.821
     0.944   121.303     3.753     7.833
     0.944   121.297     3.759     7.845
     0.944   121.291     3.765     7.857
     0.944   121.286     3.771     7.869
     0.944   121.280     3.777     7.880
     0.943   121.274     3.782     7.891
     0.943   121.268     3.788     7.903
     0.943   121.263     3.794     7.915
     0.943   121.257     3.800     7.928
     0.943   121.251     3.806     7.940
     0.943   121.246     3.812     7.952
     0.942   121.240     3.818     7.964
     0.942   121.234     3.824     7.976
     0.942   121.228     3.830     7.986
     0.942   121.223     3.835     7.998
     0.942   121.217     3.841     8.010
     0.941   121.211     3.847     8.022
     0.941   121.206     3.853     8.034
     0.941   121.200     3.859     8.046
     0.941   121.194     3.865     8.058
     0.941   121.188     3.871     8.070
     0.941   121.183     3.877     8.083
     0.940   121.177     3.883     8.094
     0.940   121.171     3.888     8.107
     0.940   121.166     3.894     8.119
     0.940   121.160     3.900     8.131
     0.940   121.154     3.906     8.143
     0.940   121.149     3.912     8.155
     0.939   121.143     3.918     8.167
     0.939   121.137     3.924     8.178
     0.939   121.131     3.930     8.190
     0.939   121.126     3.935     8.202
     0.939   121.120     3.941     8.213
     0.938   121.114     3.947     8.226
     0.938   121.109     3.953     8.238
     0.938   121.103     3.959     8.250
     0.938   121.097     3.965     8.262
     0.938   121.092     3.971     8.274
     0.938   121.086     3.976     8.286
     0.937   121.080     3.982     8.297
     0.937   121.075     3.988     8.309
     0.937   121.069     3.994     8.320
     0.937   121.063     4.000     8.332
     0.937   121.058     4.006     8.343
     0.936   121.052     4.012     8.354
     0.936   121.046     4.017     8.366
     0.936   121.041     4.023     8.378
     0.936   121.035     4.029     8.389
     0.936   121.029     4.035     8.401
     0.935   121.024     4.041     8.413
     0.935   121.018     4.047     8.425
     0.935   121.012     4.053     8.437
     0.935   121.007     4.058     8.449
     0.935   121.001     4.064     8.461
     0.935   120.995     4.070     8.473
     0.934   120.990     4.076     8.485
     0.934   120.984     4.082     8.497
     0.934   120.978     4.088     8.508
     0.934   120.973     4.093     8.521
     0.934   120.967     4.099     8.533
     0.933   120.961     4.105     8.545
     0.933   120.956     4.111     8.557
     0.933   120.950     4.117     8.569
     0.933   120.945     4.123     8.581
     0.933   120.939     4.128     8.593
     0.932   120.933     4.134     8.605
     0.932   120.928     4.140     8.617
     0.932   120.922     4.146     8.629
     0.932   120.916     4.152     8.641
     0.932   120.911     4.158     8.652
     0.932   120.905     4.163     8.664
     0.931   120.899     4.169     8.675
     0.931   120.894     4.175     8.687
     0.931   120.888     4.181     8.699
     0.931   120.883     4.187     8.711
     0.931   120.877     4.192     8.723
     0.930   120.871     4.198     8.735
     0.930   120.866     4.204     8.746
     0.930   120.860     4.210     8.758
     0.930   120.854     4.216     8.771
     0.930   120.849     4.222     8.783
     0.929   120.843     4.227     8.794
     0.929   120.838     4.233     8.806
     0.929   120.832     4.239     8.818
     0.929   120.826     4.245     8.830
     0.929   120.821     4.251     8.842
     0.928   120.815     4.256     8.854
     0.928   120.810     4.262     8.865
     0.928   120.804     4.268     8.885
     0.928   120.798     4.274     8.897
     0.928   120.793     4.280     8.911
     0.927   120.787     4.285     8.922
     0.927   120.782     4.291     8.933
     0.927   120.776     4.297     8.945
     0.927   120.770     4.303     8.956
     0.927   120.765     4.309     8.968
     0.926   120.759     4.314     8.980
     0.926   120.754     4.320     8.992
     0.926   120.748     4.326     9.004
     0.926   120.742     4.332     9.014
     0.926   120.737     4.338     9.026
     0.926   120.731     4.343     9.038
     0.925   120.726     4.349     9.051
     0.925   120.720     4.355     9.063
     0.925   120.714     4.361     9.073
     0.925   120.709     4.366     9.085
     0.925   120.703     4.372     9.097
     0.924   120.698     4.378     9.107
     0.924   120.692     4.384     9.119
     0.924   120.687     4.390     9.132
     0.924   120.681     4.395     9.144
     0.924   120.675     4.401     9.156
     0.923   120.670     4.407     9.168
     0.923   120.664     4.413     9.179
     0.923   120.659     4.418     9.191
     0.923   120.653     4.424     9.204
     0.923   120.648     4.430     9.216
     0.922   120.642     4.436     9.227
     0.922   120.636     4.441     9.238
     0.922   120.631     4.447     9.249
     0.922   120.625     4.453     9.261
     0.922   120.620     4.459     9.273
     0.921   120.614     4.465     9.285
     0.921   120.609     4.470     9.296
     0.921   120.603     4.476     9.308
     0.921   120.598     4.482     9.319
     0.921   120.592     4.488     9.331
     0.920   120.586     4.493     9.344
     0.920   120.581     4.499     9.356
     0.920   120.575     4.505     9.368
     0.920   120.570     4.511     9.380
     0.919   120.564     4.516     9.392
     0.919   120.559     4.522     9.404
     0.919   120.553     4.528     9.416
     0.919   120.548     4.534     9.429
     0.919   120.542     4.539     9.441
     0.918   120.537     4.545     9.453
     0.918   120.531     4.551     9.465
     0.918   120.525     4.557     9.477
     0.918   120.520     4.562     9.489
     0.918   120.514     4.568     9.501
     0.917   120.509     4.574     9.513
     0.917   120.503     4.579     9.524
     0.917   120.498     4.585     9.536
     0.917   120.492     4.591     9.547
     0.917   120.487     4.597     9.565
     0.916   120.481     4.602     9.579
     0.916   120.476     4.608     9.591
     0.916   120.470     4.614     9.601
     0.916   120.465     4.620     9.615
     0.916   120.459     4.625     9.628
     0.915   120.454     4.631     9.638
     0.915   120.448     4.637     9.649
     0.915   120.443     4.642     9.663
     0.915   120.437     4.648     9.675
     0.915   120.432     4.654     9.686
     0.914   120.426     4.660     9.698
     0.914   120.421     4.665     9.711
     0.914   120.415     4.671     9.723
     0.914   120.410     4.677     9.737
     0.913   120.404     4.682     9.751
     0.913   120.399     4.688     9.762
     0.913   120.393     4.694     9.773
     0.913   120.388     4.700     9.785
     0.913   120.382     4.705     9.798
     0.912   120.377     4.711     9.811
     0.912   120.371     4.717     9.824
     0.912   120.366     4.722     9.837
     0.912   120.360     4.728     9.851
     0.912   120.355     4.734     9.864
     0.911   120.349     4.739     9.875
     0.911   120.344     4.745     9.889
     0.911   120.338     4.751     9.902
     0.911   120.333     4.757     9.913
     0.911   120.327     4.762     9.927
     0.910   120.322     4.768     9.940
     0.910   120.316     4.774     9.953
     0.910   120.311     4.779     9.965
     0.910   120.305     4.785     9.975
     0.909   120.300     4.791     9.987
     0.909   120.294     4.796    10.000
     0.909   120.289     4.802    10.014
     0.909   120.283     4.808    10.027
     0.909   120.278     4.813    10.041
     0.908   120.273     4.819    10.054
     0.908   120.267     4.825    10.065
     0.908   120.262     4.830    10.077
     0.908   120.256     4.836    10.090
     0.908   120.251     4.842    10.112
     0.907   120.245     4.847    10.124
     0.907   120.240     4.853    10.138
     0.907   120.234     4.859    10.152
     0.907   120.229     4.864    10.163
     0.906   120.223     4.870    10.175
     0.906   120.218     4.876    10.188
     0.906   120.213     4.881    10.199
     0.906   120.207     4.887    10.211
     0.906   120.202     4.893    10.223
     0.905   120.196     4.898    10.240
     0.905   120.191     4.904    10.256
     0.905   120.185     4.910    10.272
     0.905   120.180     4.915    10.289
     0.905   120.174     4.921    10.305
     0.904   120.169     4.927    10.320
     0.904   120.164     4.932    10.336
     0.904   120.158     4.938    10.353
     0.904   120.153     4.944    10.368
     0.903   120.147     4.949    10.383
     0.903   120.142     4.955    10.398
     0.903   120.136     4.961    10.414
     0.903   120.131     4.966    10.429
     0.903   120.126     4.972    10.444
     0.902   120.120     4.978    10.459
     0.902   120.115     4.983    10.475
     0.902   120.109     4.989    10.490
     0.902   120.104     4.994    10.505
     0.901   120.098     5.000    10.518
     0.901   120.093     5.006    10.530
     0.901   120.088     5.011    10.543
     0.901   120.082     5.017    10.554
     0.901   120.077     5.023    10.568
     0.900   120.071     5.028    10.582
     0.900   120.066     5.034    10.593
     0.900   120.061     5.040    10.605
     0.900   120.055     5.045    10.618
     0.899   120.050     5.051    10.629
     0.899   120.044     5.056    10.640
     0.899   120.039     5.062    10.654
     0.899   120.034     5.068    10.668
     0.899   120.028     5.073    10.679
     0.898   120.023     5.079    10.690
     0.898   120.017     5.084    10.703
     0.898   120.012     5.090    10.714
     0.898   120.007     5.096    10.726
     0.897   120.001     5.101    10.738
     0.897   119.996     5.107    10.749
     0.897   119.991     5.113    10.761
     0.897   119.985     5.118    10.772
     0.897   119.980     5.124    10.785
     0.896   119.974     5.129    10.797
     0.896   119.969     5.135    10.809
     0.896   119.964     5.141    10.821
     0.896   119.958     5.146    10.833
     0.895   119.953     5.152    10.844
     0.895   119.948     5.157    10.856
     0.895   119.942     5.163    10.867
     0.895   119.937     5.169    10.879
     0.894   119.931     5.174    10.891
     0.894   119.926     5.180    10.903
     0.894   119.921     5.185    10.915
     0.894   119.915     5.191    10.927
     0.894   119.910     5.196    10.938
     0.893   119.905     5.202    10.950
     0.893   119.899     5.208    10.962
     0.893   119.894     5.213    10.974
     0.893   119.889     5.219    10.985
     0.892   119.883     5.224    10.997
     0.892   119.878     5.230    11.008
     0.892   119.872     5.236    11.020
     0.892   119.867     5.241    11.031
     0.892   119.862     5.247    11.043
     0.891   119.856     5.252    11.054
     0.891   119.851     5.258    11.066
     0.891   119.846     5.263    11.078
     0.891   119.840     5.269    11.090
     0.890   119.835     5.275    11.102
     0.890   119.830     5.280    11.115
     0.890   119.824     5.286    11.126
     0.890   119.819     5.291    11.138
     0.889   119.814     5.297    11.148
     0.889   119.808     5.302    11.160
     0.889   119.803     5.308    11.173
     0.889   119.798     5.313    11.184
     0.889   119.792     5.319    11.196
     0.888   119.787     5.325    11.208
     0.888   119.782     5.330    11.219
     0.888   119.777     5.336    11.231
     0.888   119.771     5.341    11.243
     0.887   119.766     5.347    11.255
     0.887   119.761     5.352    11.267
     0.887   119.755     5.358    11.278
     0.887   119.750     5.363    11.290
     0.886   119.745     5.369    11.301
     0.886   119.739     5.374    11.313
     0.886   119.734     5.380    11.324
     0.886   119.729     5.386    11.336
     0.886   119.723     5.391    11.348
     0.885   119.718     5.397    11.360
     0.885   119.713     5.402    11.384
     0.885   119.708     5.408    11.396
     0.885   119.702     5.413    11.408
     0.884   119.697     5.419    11.420
     0.884   119.692     5.424    11.432
     0.884   119.686     5.430    11.443
     0.884   119.681     5.435    11.455
     0.883   119.676     5.441    11.467
     0.883   119.670     5.446    11.479
     0.883   119.665     5.452    11.490
     0.883   119.660     5.457    11.502
     0.882   119.655     5.463    11.513
     0.882   119.649     5.468    11.525
     0.882   119.644     5.474    11.537
     0.882   119.639     5.479    11.547
     0.882   119.634     5.485    11.559
     0.881   119.628     5.490    11.571
     0.881   119.623     5.496    11.584
     0.881   119.618     5.501    11.595
     0.881   119.612     5.507    11.607
     0.880   119.607     5.513    11.618
     0.880   119.602     5.518    11.629
     0.880   119.597     5.524    11.641
     0.880   119.591     5.529    11.652
     0.879   119.586     5.535    11.663
     0.879   119.581     5.540    11.674
     0.879   119.576     5.545    11.712
     0.879   119.570     5.551    11.724
     0.878   119.565     5.556    11.734
     0.878   119.560     5.562    11.746
     0.878   119.555     5.567    11.758
     0.878   119.549     5.573    11.768
     0.877   119.544     5.578    11.780
     0.877   119.539     5.584    11.792
     0.877   119.534     5.589    11.802
     0.877   119.528     5.595    11.814
     0.877   119.523     5.600    11.826
     0.876   119.518     5.606    11.837
     0.876   119.513     5.611    11.849
     0.876   119.507     5.617    11.860
     0.876   119.502     5.622    11.872
     0.875   119.497     5.628    11.883
     0.875   119.492     5.633    11.896
     0.875   119.486     5.639    11.906
     0.875   119.481     5.644    11.918
     0.874   119.476     5.650    11.930
     0.874   119.471     5.655    11.942
     0.874   119.466     5.661    11.954
     0.874   119.460     5.666    11.965
     0.873   119.455     5.671    11.978
     0.873   119.450     5.677    11.990
     0.873   119.445     5.682    12.002
     0.873   119.440     5.688    12.014
     0.872   119.434     5.693    12.025
     0.872   119.429     5.699    12.037
     0.872   119.424     5.704    12.050
     0.872   119.419     5.710    12.062
     0.871   119.413     5.715    12.073
     0.871   119.408     5.721    12.085
     0.871   119.403     5.726    12.096
     0.871   119.398     5.731    12.108
     0.870   119.393     5.737    12.121
     0.870   119.387     5.742    12.133
     0.870   119.382     5.748    12.145
     0.870   119.377     5.753    12.157
     0.869   119.372     5.759    12.169
     0.869   119.367     5.764    12.181
     0.869   119.362     5.769    12.193
     0.869   119.356     5.775    12.205
     0.869   119.351     5.780    12.218
     0.868   119.346     5.786    12.230
     0.868   119.341     5.791    12.241
     0.868   119.336     5.797    12.253
     0.868   119.330     5.802    12.266
     0.867   119.325     5.807    12.277
     0.867   119.320     5.813    12.289
     0.867   119.315     5.818    12.301
     0.867   119.310     5.824    12.313
     0.866   119.305     5.829    12.325
     0.866   119.299     5.835    12.336
     0.866   119.294     5.840    12.350
     0.866   119.289     5.845    12.362
     0.865   119.284     5.851    12.374
     0.865   119.279     5.856    12.385
     0.865   119.274     5.862    12.397
     0.865   119.268     5.867    12.409
     0.864   119.263     5.872    12.419
     0.864   119.258     5.878    12.431
     0.864   119.253     5.883    12.444
     0.864   119.248     5.889    12.455
     0.863   119.243     5.894    12.468
     0.863   119.238     5.899    12.480
     0.863   119.232     5.905    12.491
     0.863   119.227     5.910    12.503
     0.862   119.222     5.916    12.515
     0.862   119.217     5.921    12.527
     0.862   119.212     5.926    12.539
     0.862   119.207     5.932    12.550
     0.861   119.202     5.937    12.562
     0.861   119.196     5.943    12.574
     0.861   119.191     5.948    12.600
